Assigned	Sample	No_filter	Permissive_filter	Strict_filter	pRR_Data_n	pRD_Data_n	pDD_Data_n
BOTAI	MA2210	RR	RR	RR	0.992241616	0.007758384	1.12461E-29
BOTAI	DA337	RR	RR	RR	0.99993853	6.14698E-05	2.27779E-54
BOTAI	DA338	RR	RR	RR	0.941128216	0.058871784	9.89894E-17
BOTAI	DA340	RR	RR	RR	0.888821812	0.111178188	2.57915E-12
BOTAI	DA246	RR	RR	RR	0.999984547	1.54529E-05	1.02825E-58
BOTAI	DA345	RR	RR	RR	0.984595928	0.015404072	3.29979E-24
BOTAI	RISE680	RD	RD	RD	7.05381E-22	1	2.49323E-24
BOTAI	DA343	RR	RR	RR	0.984560835	0.015439165	9.56437E-23
BOTAI	DA334	RR	RR	RR	0.888719023	0.111280977	9.64969E-12
BOTAI	DA355	RR	RR	RR	0.799908201	0.200091777	2.20134E-08
BOTAI	RISE683	RR	RR	RR	0.999754331	0.000245669	3.521E-47
BOTAI	MA2208	RR	RR	RR	0.66527633	0.333333333	0.001390337
BOTAI	MA2213	RR	RR	RR	0.984425484	0.015574516	2.84832E-21
BOTAI	RISE515	RR	RR	RR	0.969332265	0.030667735	2.30098E-19
BOTAI	RISE516	RR	RR	RR	0.799908201	0.200091777	2.20134E-08
BOTAI	DA335	RR	RR	RR	0.941121496	0.058878504	1.15838E-16
BOTAI	RISE675	RD	RD	RR	4.46396E-08	0.999999515	4.40019E-07
BOTAI	RISE685	RR	RR	RR	0.984598502	0.015401498	7.8462E-25
BOTAI	RISE672	RD	RD	RD	8.82311E-09	0.999999991	1.16478E-29
BOTAI	DA253	RD	RD	RD	6.72586E-23	0.999999286	7.13998E-07
BOTAI	DA245	RD	RD	RR	3.19889E-06	0.999996801	2.70463E-38
BOTAI	RISE664	RR	RD	RR	0.995036435	0.004963565	2.00208E-87
BOTAI	RISE674	RD	RD	RD	3.88782E-20	1	9.96366E-32
BOTAI	MA2198	RD	RD	RD	1.36135E-11	0.999999822	1.77745E-07
BOTAI	RISE719	RR	RR	RR	0.941138098	0.058861902	9.10359E-17
BOTAI	DA336	RD	RD	RR	0.006699831	0.993300169	1.24784E-22
BOTAI	DA342	RR	RR	RR	0.999751053	0.000248947	2.58954E-43
BOTAI	RISE662	RR	RR	RR	0.940497008	0.059502992	1.68169E-15
BOTAI	Yamnaya	RR	RR	RR	1	1.64621E-33	0
BOTAI	EBA1	RR	RR	RR	0.999999519	4.8111E-07	9.0004E-114
BOTAI	DA381	RR	RR	RR	0.969556516	0.030443484	5.40165E-18
BOTAI	BOT2016	RR	RR	RR	1	6.99268E-21	0
BOTAI	EBA2	RR	RR	RR	0.54780919	0.45219081	9.1586E-228
BOTAI	BOT14	RR	RR	RR	0.99998453	1.54704E-05	2.97986E-95
BOTAI	MA2205	RR	RR	RR	0.968947742	0.031052258	3.90625E-15
BOTAI	MA2203	RR	RR	RR	0.799889869	0.200110062	6.96347E-08
BOTAI	DA356	RD	RR	RR	0.000210748	0.997711877	0.002077375
BOTAI	DA358	RR	RR	RR	0.940376576	0.059623424	2.49496E-15
BOTAI	BOT15	RR	RR	RR	0.99975417	0.00024583	2.87122E-64
BOTAI	DA362	RR	RR	RR	0.940702354	0.059297646	1.08561E-14
BOTAI	DA380	RR	RR	RR	0.939809495	0.060190505	9.98001E-12
BOTAI	DA248	RR	RR	RR	0.996105053	0.003894947	1.88706E-33
BOTAI	DA249	RR	RR	RR	0.999999996	3.75549E-09	8.0356E-111
BOTAI	DA247	RR	RR	RR	0.931360784	0.068639216	2.32247E-59
BOTAI	DA251	RR	RR	RR	0.941060627	0.058939373	2.00497E-15
BOTAI	MA2195	RD	RR	RR	0.00422388	0.99577612	7.69551E-14
BOTAI	MA2200	RR	RR	RR	0.998018035	0.001981965	3.42603E-35
BOTAI	DA250	RR	RR	RR	0.969636183	0.030363817	1.75395E-20
NEO	NEO181	RR	RR	RR	0.665440049	0.333333333	0.001226618
NEO	NEO202	RD	RD	RD	3.16684E-14	1	2.21558E-21
NEO	NEO18	RR	RR	RR	0.999999879	1.21459E-07	6.63583E-90
NEO	NEO262	RR	RR	RR	0.666319625	0.333333333	0.000347041
NEO	NEO261	RR	RR	RR	0.999999024	9.75869E-07	3.08831E-78
NEO	NEO254	RR	RR	RR	0.66611088	0.333333333	0.000555787
NEO	NEO179	RR	RR	RR	0.888161131	0.111838868	2.96924E-10
NEO	NEO224	RR	RR	RR	0.941143236	0.058856764	9.10111E-18
NEO	NEO170	RR	RR	RR	0.666283415	0.333333333	0.000383252
NEO	NEO17	RR	RR	RR	0.996095304	0.003904696	3.11369E-33
NEO	NEO185	RR	RR	RR	0.999023585	0.000976415	1.66948E-44
NEO	NEO184	RR	RR	RR	0.941129435	0.058870565	1.3457E-17
NEO	NEO220	RR	RR	RR	0.888721903	0.111278097	1.02072E-12
NEO	NEO226	RR	RR	RR	0.799787855	0.200211794	3.50537E-07
NEO	NEO148	RR	RR	RR	0.662952646	0.333333333	0.00371402
NEO	NEO816	RR	RR	RR	0.984542059	0.015457941	9.53875E-22
NEO	NEO306	RR	RR	RR	0.999998077	1.92314E-06	2.10628E-74
NEO	NEO552	RR	RR	RR	0.663629461	0.333333333	0.003037206
NEO	NEO304	RR	RR	RR	0.99902041	0.00097959	3.12998E-38
NEO	NEO300	RR	RR	RR	0.999509775	0.000490225	7.90997E-46
NEO	NEO292	RR	RR	RR	0.992237665	0.007762335	4.07936E-31
NEO	NEO173	RR	RR	RR	0.992242833	0.007757167	1.78154E-31
NEO	NEO28	RR	RR	RR	0.888431854	0.111568146	2.85101E-12
NEO	NEO158	RD	RR	RR	0.000264066	0.993919674	0.005816261
NEO	NEO509	RD	RR	RR	0.005591603	0.994408397	3.68326E-61
NEO	NEO502	RR	RR	RR	0.984335044	0.015664956	2.29035E-19
NEO	NEO501	RR	RR	RR	0.940539424	0.059460576	1.42609E-14
NEO	NEO498	RR	RR	RR	0.999998062	1.93784E-06	1.45226E-81
NEO	NEO494	RR	RR	RR	0.665944775	0.333333333	0.000721891
NEO	NEO302	RR	RR	RR	0.999998084	1.916E-06	2.44989E-82
NEO	NEO555	RD	RR	RR	0.006705672	0.993294328	1.10414E-25
NEO	NEO503	RR	RR	RR	0.796023537	0.203859508	0.000116955
NEO	NEO212	RR	RR	RR	0.999999041	9.59027E-07	1.09209E-83
NEO	NEO752	RD	RD	RD	7.2466E-13	1	1.78034E-27
NEO	NEO174	RR	RR	RR	0.999023142	0.000976858	1.30711E-43
NEO	NEO225	DD	DD	DD	5.31E-116	1.893E-09	0.999999998
NEO	NEO589	RD	RD	RD	1.09551E-85	1	3.8793E-112
NEO	NEO260	RD	RD	RD	2.7519E-60	1	2.74199E-44
NEO	NEO116	RD	RD	RD	7.98031E-26	1	5.93186E-49
NEO	NEO749	RD	RD	RD	7.71408E-07	0.98467608	0.015323149
NEO	NEO27	RD	RD	RD	2.69724E-30	0.99999847	1.52985E-06
NEO	NEO568	RD	RD	RD	3.80875E-06	0.999996191	2.31863E-34
NEO	NEO759	RD	RD	RD	1.7963E-17	1	5.16379E-29
NEO	NEO305	RD	RD	RD	1.12638E-23	1	5.51472E-33
NEO	NEO62	RD	RD	RD	1.57059E-07	0.999999839	4.03841E-09
NEO	NEO556	RD	RD	RD	7.07855E-08	0.999999929	2.29611E-11
NEO	NEO166	RD	RD	RD	4.29913E-08	0.999999957	1.18859E-21
NEO	NEO88	RD	RD	RD	1.53276E-19	1	9.2659E-24
NEO	NEO189	RD	RD	RR	3.83623E-05	0.999676579	0.000285058
NEO	NEO147	RR	RR	RR	0.888814041	0.111185959	2.57974E-12
NEO	NEO683	RD	RD	RD	6.45061E-14	1	1.20885E-22
NEO	NEO307	RD	RD	RR	5.83715E-12	0.999576758	0.000423242
NEO	NEO563	RD	RD	RD	1.60283E-19	0.998312753	0.001687247
NEO	NEO560	RD	RR	RR	0.208825116	0.791174884	1.35151E-16
NEO	NEO160	RD	RD	RD	2.06212E-15	0.999999999	1.16618E-09
NEO	NEO73	RD	RD	RR	4.24087E-06	0.999994384	1.37542E-06
NEO	NEO586	RD	RD	RD	2.24942E-10	1	1.06424E-10
NEO	NEO847	RD	RD	RR	4.38081E-07	0.999999534	2.81512E-08
NEO	NEO19	RD	RD	RD	2.80311E-29	1	2.00641E-17
NEO	NEO194	RD	RD	RD	2.05729E-14	1	2.47201E-15
NEO	NEO142	RR	RR	RR	0.969669337	0.030330663	3.97776E-22
NEO	NEO143	RR	RR	RR	0.66527633	0.333333333	0.001390337
NEO	NEO122	RR	RR	RR	0.984571482	0.015428518	2.03317E-24
NEO	NEO121	RR	RR	RR	0.666319625	0.333333333	0.000347041
NEO	NEO115	RR	RR	RR	0.969664101	0.030335899	6.8554E-21
NEO	NEO806	RD	RD	RR	9.93616E-08	0.999999901	9.35171E-45
NEO	NEO193	RR	RR	RR	0.887990715	0.112009285	5.63472E-12
NEO	NEO51	RR	RR	RR	0.940631947	0.059368053	4.93011E-14
NEO	NEO310	RR	RR	RR	0.96959823	0.03040177	2.58656E-20
NEO	NEO199	RR	RR	RR	0.969678551	0.030321449	2.48302E-22
NEO	NEO812	RR	RR	RR	1	7.38687E-15	4.034E-181
NEO	NEO201	RR	RR	RR	0.992232659	0.007767341	6.30512E-31
NEO	NEO93	RR	RR	RR	0.999754822	0.000245178	4.55173E-48
NEO	NEO843	RD	RD	RD	1.74865E-25	0.999999719	2.81341E-07
NEO	NEO834	RR	RR	RR	0.666319625	0.333333333	0.000347041
NEO	NEO83	RR	RR	RR	0.999876235	0.000123765	4.85042E-48
NEO	NEO823	RR	RR	RR	0.666319625	0.333333333	0.000347041
NEO	NEO819	RR	RR	RR	0.799264078	0.200735825	9.68617E-08
NEO	NEO932	RR	RR	RR	0.999984562	1.54377E-05	5.12666E-67
NEO	NEO78	RR	RR	RR	0.941093941	0.058906059	2.30429E-16
NEO	NEO853	RR	RR	RR	0.969579766	0.030420234	2.37708E-18
NEO	NEO813	RR	RR	RR	0.999999509	4.91446E-07	1.29502E-79
NEO	NEO65	RR	RR	RR	0.996100242	0.003899758	1.87741E-32
NEO	NEO648	RR	RR	RR	0.999968879	3.11207E-05	1.90727E-55
NEO	NEO856	RR	RR	RR	0.992214273	0.007785727	1.85634E-27
NEO	NEO900	RR	RR	RR	0.666319625	0.333333333	0.000347041
NEO	NEO907	RR	RR	RR	0.99949808	0.00050192	1.61848E-42
NEO	NEO911	RR	RR	RR	0.999876948	0.000123052	3.3666E-53
NEO	NEO91	RR	RR	RR	0.999011421	0.000988579	1.09891E-38
NEO	NEO891	RR	RR	RR	0.94108846	0.05891154	3.52079E-15
NEO	NEO866	RR	RR	RR	0.996089303	0.003910697	8.4574E-32
NEO	NEO878	RR	RR	RR	0.969365548	0.030634452	5.24765E-18
NEO	NEO922	RR	RR	RR	0.799661484	0.200338472	4.42525E-08
NEO	NEO935	RR	RR	RR	0.999998081	1.91918E-06	4.44733E-79
NEO	NEO46	RR	RR	RR	0.665788896	0.333333333	0.00087777
NEO	NEO23	RR	RR	RR	0.999999034	9.65764E-07	2.13537E-81
NEO	NEO281	RR	RR	RR	0.99999904	9.60322E-07	1.60829E-85
NEO	NEO309	RR	RR	RR	0.992229308	0.007770692	1.41006E-29
NEO	NEO646	RD	RD	RD	1.24987E-31	1	1.06573E-19
NEO	NEO898	RR	RR	RR	0.99987777	0.00012223	3.37729E-57
NEO	NEO945	RR	RR	RR	0.98457317	0.01542683	1.53625E-24
NEO	NEO36	RR	RR	RR	0.999999878	1.2209E-07	2.56649E-87
NEO	NEO695	RR	RR	RR	0.666319625	0.333333333	0.000347041
NEO	NEO717	RR	RR	RR	0.941141776	0.058858224	1.81605E-17
NEO	NEO559	RR	RR	RR	0.96926906	0.03073094	7.9089E-18
NEO	NEO561	RR	RR	RR	0.969567338	0.030432662	3.5718E-20
NEO	NEO570	RR	RR	RR	0.99999223	7.77E-06	4.18497E-67
NEO	NEO587	RD	RR	RR	0.013108006	0.986891994	3.49113E-16
NEO	NEO590	RR	RR	RR	0.999877585	0.000122415	7.52993E-56
NEO	NEO538	RR	RR	RR	0.999938808	6.11923E-05	1.11636E-59
NEO	NEO192	RR	RR	RR	0.941084662	0.058915338	3.72553E-16
NEO	NEO791	RR	RR	RR	0.99999904	9.60068E-07	1.4377E-84
NEO	NEO197	RR	RR	RR	0.799837438	0.200162541	2.09594E-08
NEO	NEO737	RR	RR	RR	0.660687593	0.333333333	0.005979073
NEO	NEO640	RR	RR	RR	0.666319625	0.333333333	0.000347041
NEO	NEO632	RR	RR	RR	0.996094803	0.003905197	7.51702E-33
NEO	NEO946	RR	RR	RR	0.996068908	0.003931092	3.7671E-32
NEO	NEO631	RR	RR	RR	0.992185769	0.007814231	1.90536E-26
NEO	NEO70	RR	RR	RR	0.894297187	0.105702813	4.51118E-48
NEO	NEO624	RR	RR	RR	0.999874132	0.000125868	2.74623E-48
NEO	NEO951	RR	RR	RR	0.799778405	0.200221525	7.01422E-08
NEO	NEO672	RR	RR	RR	0.660687593	0.333333333	0.005979073
NEO	NEO942	RR	RR	RR	0.940920873	0.059079127	2.07925E-14
NEO	NEO746	RR	RR	RR	0.666153649	0.333333333	0.000513018
NEO	NEO938	RR	RR	RR	0.799613582	0.200386368	5.05939E-08
NEO	NEO751	RR	RR	RR	0.888721903	0.111278097	1.02072E-12
NEO	NEO677	RR	RR	RR	0.888832219	0.111167781	3.24597E-13
NEO	NEO641	RR	RR	RR	0.799742856	0.200256693	4.51526E-07
NEO	NEO626	RR	RR	RR	0.799550303	0.200449581	1.16543E-07
NEO	NEO739	RR	RR	RR	0.999938557	6.14432E-05	4.70872E-54
NEO	NEO658	RR	RR	RR	0.799833151	0.200166632	2.16969E-07
NEO	NEO943	RR	RR	RR	0.999938843	6.11568E-05	1.22289E-60
NEO	NEO733	RR	RR	RR	0.998047858	0.001952142	4.93439E-38
NEO	NEO738	RR	RR	RR	0.941115854	0.058884146	1.79006E-16
NEO	NEO67	RR	RR	RR	0.666319625	0.333333333	0.000347041
RISE	RISE496	RR	RR	RR	0.999968609	3.1391E-05	2.82545E-55
RISE	RISE569	RD	RD	RD	2.55482E-09	0.998360021	0.001639976
RISE	RISE98	RD	RD	RD	4.29883E-64	1	1.91183E-29
RISE	RISE500	RR	RR	RR	0.969224898	0.030775102	8.14059E-17
RISE	RISE504	RD	RD	RD	1.33627E-22	0.999925918	7.40819E-05
RISE	RISE502	RR	RR	RR	0.984583838	0.015416162	8.35269E-24
RISE	RISE174	RR	RR	RR	0.797120326	0.202825545	5.41292E-05
RISE	RISE601	RR	RR	RR	0.996099384	0.003900616	4.48273E-33
RISE	RISE487	RR	RR	RR	0.799259773	0.200740034	1.93279E-07
RISE	RISE493	RR	RR	RR	0.999999982	1.83242E-08	2.41E-136
RISE	RISE494	RR	RR	RR	0.662020906	0.333333333	0.004645761
RISE	RISE495	RR	RR	RR	0.999969085	3.09149E-05	2.53954E-54
RISE	RISE94	RR	RR	RR	0.969647924	0.030352076	3.82477E-19
RISE	RISE577	RR	RR	RR	0.940578054	0.059421946	1.55112E-12
RISE	RISE600	RR	RR	RR	0.941115854	0.058884146	1.79006E-16
RISE	RISE602	RD	RD	RR	6.24865E-17	0.999980608	1.93918E-05
RISE	RISE499	RR	RR	RR	0.999008044	0.000991956	3.85694E-38
RISE	RISE00	RR	RR	RR	0.666319625	0.333333333	0.000347041
RISE	RISE523	RR	RR	RR	0.999984339	1.56613E-05	1.33173E-58
RISE	RISE511	RR	RR	RR	1	2.39089E-10	7.1899E-120
RISE	RISE510	RD	RR	RR	0.000421791	0.999577518	6.90894E-07
RISE	RISE509	RR	RR	RR	0.999998028	1.97151E-06	8.00871E-67
RISE	RISE497	RR	RR	RR	1	4.72104E-13	1.7099E-157
RISE	RISE547	RR	RR	RR	0.88882701	0.11117299	1.29244E-12
RISE	RISE563	RR	RR	RR	0.799382338	0.200617501	1.60906E-07
RISE	RISE548	RR	RR	RR	0.940888332	0.059111668	6.26153E-15
RISE	RISE552	RR	RR	RR	0.894783992	0.105216008	9.85832E-51
RISE	RISE550	RR	RR	RR	0.666319625	0.333333333	0.000347041
RISE	RISE505	RR	RR	RR	0.999999542	4.58448E-07	1.0528E-120
RISE	RISE503	RR	RR	RR	0.996018131	0.003981869	8.29448E-29
VK	VK98	RR	RR	RR	0.999875664	0.000124336	7.02866E-45
VK	VK70	RR	RR	RR	1	3.73234E-12	5.8255E-141
VK	VK540	RR	RR	RR	0.984406109	0.015593891	1.36272E-22
VK	VK541	RR	RR	RR	0.9994979	0.0005021	2.8341E-39
VK	VK542	RR	RR	RR	0.999013914	0.000986086	2.33096E-36
VK	VK547	RR	RR	RR	0.999999998	1.89016E-09	3.4258E-113
VK	VK545	RR	RR	RR	0.999969035	3.09647E-05	1.2153E-56
VK	VK95	RD	RD	RD	1.50485E-10	1	9.93474E-25
VK	VK548	RR	RR	RR	0.999999522	4.78037E-07	1.45597E-87
VK	VK549	RR	RR	RR	0.999006457	0.000993543	1.92473E-36
VK	VK84	RR	RR	RR	0.888455973	0.111544027	9.31436E-11
VK	VK550	RR	RR	RR	0.999984514	1.54864E-05	3.75441E-61
VK	VK484	RR	RR	RR	0.99975376	0.00024624	2.13075E-46
VK	VK544	RR	RR	RR	0.99804674	0.00195326	1.53859E-35
VK	VK94	RR	RR	RR	0.665511265	0.333333333	0.001155402
VK	VK539	RR	RR	RR	0.999999514	4.86282E-07	3.32821E-82
VK	VK75	RR	RR	RR	0.888817761	0.111182239	4.08817E-12
VK	VK48	RR	RR	RR	0.799729488	0.200270443	6.92158E-08
VK	VK260	RR	RR	RR	0.992220018	0.007779982	5.01303E-27
VK	VK486	RD	RR	RR	0.351111475	0.648888525	8.58233E-38
VK	VK487	RR	RR	RR	0.999755369	0.000244631	2.27402E-48
VK	VK488	RR	RR	RR	0.996083291	0.003916709	3.07102E-31
VK	VK489	RR	RR	RR	0.941138856	0.058861144	7.23095E-17
VK	VK87	RR	RR	RR	0.999999998	1.91151E-09	1.7792E-109
VK	VK491	RR	RR	RR	0.992228263	0.007771737	5.3316E-28
VK	VK493	RR	RR	RR	0.999755611	0.000244389	2.94594E-50
VK	VK495	RR	RR	RR	0.99998448	1.55203E-05	2.20808E-61
VK	VK50	RR	RR	RR	0.999999018	9.82366E-07	2.48085E-71
VK	VK537	RR	RR	RR	0.88882701	0.11117299	1.29244E-12
VK	VK538	RR	RR	RR	0.999509426	0.000490574	1.53089E-40
VK	VK485	RR	RR	RR	0.99803545	0.00196455	5.66584E-34
VK	VK492	RR	RR	RR	0.996104982	0.003895018	2.99095E-33
VK	VK496	RR	RR	RR	0.996089771	0.003910229	5.2418E-33
VK	VK1	RD	RD	RD	3.65252E-90	1	2.126E-125
VK	VK51	RR	RR	RR	0.799833151	0.200166632	2.16969E-07
VK	VK202	RR	RR	RR	0.969634135	0.030365865	7.26715E-19
VK	VK204	RR	RR	RR	0.969595899	0.030404101	2.05506E-19
VK	VK205	RR	RR	RR	0.996099102	0.003900898	6.01392E-33
VK	VK207	RR	RR	RR	0.969643771	0.030356229	4.86166E-19
VK	VK218	RR	RR	RR	0.888780771	0.111219229	1.27391E-11
VK	VK219	RR	RR	RR	0.991899944	0.008100056	5.22141E-21
VK	VK220	RR	RR	RR	0.999877766	0.000122234	1.46356E-54
VK	VK221	RR	RR	RR	0.999937722	6.22785E-05	3.31773E-51
VK	VK223	RR	RR	RR	0.79769817	0.202300317	1.51284E-06
VK	VK165	RR	RR	RR	0.99996897	3.10301E-05	1.20874E-58
VK	VK166	RR	RR	RR	0.999999999	8.62224E-10	5.4598E-140
VK	VK201	RR	RR	RR	0.992225054	0.007774946	1.40706E-27
VK	VK315	RR	RR	RR	0.888722521	0.111277479	6.08792E-12
VK	VK314	RR	RR	RR	0.799705283	0.200294168	5.49127E-07
VK	VK172	RR	RR	RR	0.969579163	0.030420837	1.72954E-17
VK	VK174	RR	RR	RR	0.984330531	0.015669469	1.87946E-17
VK	VK175	RR	RR	RR	0.992224081	0.007775919	1.18861E-28
VK	VK177	RR	RR	RR	0.996088809	0.003911191	1.99773E-30
VK	VK178	RD	RR	RR	0.003358485	0.996641515	2.52907E-18
VK	VK179	RR	RR	RR	0.99901659	0.00098341	7.17279E-35
VK	VK183	RR	RR	RR	0.941094695	0.058905305	2.64783E-15
VK	VK184	RR	RR	RR	0.999876123	0.000123877	4.50477E-47
VK	VK186	RR	RR	RR	0.969619268	0.030380732	8.26809E-18
VK	VK187	RR	RR	RR	0.969294923	0.030705077	1.9509E-17
VK	VK190	RR	RR	RR	1	6.07969E-11	8.5358E-128
VK	VK168	RR	RR	RR	0.999021686	0.000978314	6.70644E-41
VK	VK170	RR	RR	RR	0.96962476	0.03037524	1.1712E-18
VK	VK348	RR	RR	RR	0.992135245	0.007864755	7.55289E-24
VK	VK312	RR	RR	RR	0.658682635	0.333333333	0.007984032
VK	VK259	RD	RR	RR	0.032489659	0.967510341	3.0853E-23
VK	VK261	RR	RR	RR	0.99604315	0.00395685	5.4632E-29
VK	VK262	RD	RR	RR	0.078877967	0.921122033	2.93764E-34
VK	VK263	RD	RR	RR	3.52342E-06	0.999996477	1.08812E-19
VK	VK264	RR	RR	RR	0.996102464	0.003897536	9.41999E-33
VK	VK265	RR	RR	RR	0.998048053	0.001951947	1.60035E-37
VK	VK273	RR	RR	RR	0.998999041	0.001000959	2.43597E-36
VK	VK274	RR	RR	RR	0.999969129	3.08707E-05	3.2707E-55
VK	VK279	RR	RR	RR	0.999984445	1.55546E-05	1.24393E-58
VK	VK280	RD	RD	RR	7.13139E-07	0.999999287	1.93918E-22
VK	VK281	RR	RR	RR	0.999996144	3.85592E-06	3.11721E-67
VK	VK286	RR	RR	RR	0.999017808	0.000982192	2.16903E-36
VK	VK287	RR	RR	RR	0.888650131	0.111349869	4.50793E-11
VK	VK289	RR	RR	RR	0.799908201	0.200091777	2.20134E-08
VK	VK291	RR	RR	RR	0.996056087	0.003943913	2.92431E-27
VK	VK258	RR	RR	RR	0.984603491	0.015396509	2.11202E-25
VK	VK256	RR	RR	RR	0.999022949	0.000977051	2.07287E-41
VK	VK230	RR	RR	RR	0.999999992	7.50767E-09	3.3133E-107
VK	VK232	RR	RR	RR	0.799883413	0.200116552	3.52267E-08
VK	VK234	RR	RR	RR	0.99802174	0.00197826	5.46803E-36
VK	VK236	RR	RR	RR	0.999751409	0.000248591	1.93102E-44
VK	VK237	RD	RR	RR	0.026200109	0.973799891	7.84016E-28
VK	VK238	RR	RR	RR	0.940377343	0.059622657	1.98174E-15
VK	VK29	RR	RR	RR	0.999984336	1.56637E-05	7.39981E-62
VK	VK244	RR	RR	RR	0.888796045	0.111203955	2.07042E-12
VK	VK245	RR	RR	RR	0.999020875	0.000979125	1.75979E-38
VK	VK25	RR	RR	RR	0.992205083	0.007794917	6.79095E-27
VK	VK254	RR	RR	RR	0.98447285	0.01552715	1.16065E-23
VK	VK167	RR	RR	RR	0.998031046	0.001968954	3.8849E-34
VK	VK114	RR	RR	RR	0.941068627	0.058931373	6.49948E-15
VK	VK354	RR	RR	RR	0.660687593	0.333333333	0.005979073
VK	VK317	RR	RR	RR	0.984492079	0.015507921	3.73456E-20
VK	VK514	RD	RD	RD	2.46004E-13	1	1.28812E-28
VK	VK518	RD	RR	RR	0.075960661	0.924038098	1.24093E-06
VK	VK334	DD	RR	RR	0.001030397	0.333333333	0.66563627
VK	VK490	RD	RD	RD	5.93132E-23	0.991569339	0.008430661
VK	VK482	RD	RD	RD	1.73962E-17	1	5.26913E-18
VK	VK497	RD	RD	RD	5.51053E-07	0.999999449	4.88199E-18
VK	VK480	RD	RD	RD	1.81286E-10	0.979454126	0.020545874
VK	VK139	RD	RD	RD	1.38346E-07	0.995854212	0.00414565
VK	VK352	RD	RD	RR	6.65514E-06	0.999993234	1.11322E-07
VK	VK288	RD	RD	RD	2.35291E-18	1	1.01844E-12
VK	VK361	DD	RD	RD	2.56868E-12	0.111223787	0.888776213
VK	VK358	RD	RD	RD	7.7651E-07	0.999999223	4.71738E-12
VK	VK282	RD	RR	RR	0.032125227	0.967874751	2.15255E-08
VK	VK18	RR	RR	RR	0.982910451	0.017089549	2.9432E-43
VK	VK477	RD	RD	RD	2.12321E-10	1	9.63777E-20
VK	VK23	DD	RD	RR	2.20134E-08	0.200091777	0.799908201
VK	VK555	RD	RD	RD	7.01368E-11	1	5.76045E-26
VK	VK316	RD	RD	RD	9.59764E-13	0.99998729	1.27104E-05
VK	VK468	RD	RD	RD	2.25178E-11	1	3.02107E-24
VK	VK481	RD	RD	RD	4.4362E-20	1	2.65939E-18
VK	VK405	RD	RD	RD	2.47478E-19	0.99347063	0.00652937
VK	VK524	RD	RD	RD	3.89205E-15	1	1.88529E-30
VK	VK129	RD	RD	RD	2.43259E-42	1	6.31192E-27
VK	VK512	RD	RD	RD	8.04082E-33	1	8.47533E-11
VK	VK150	RD	RD	RD	4.95261E-15	0.999988924	1.10756E-05
VK	VK385	RD	RD	RD	5.3308E-37	1	1.49505E-24
VK	VK176	DD	DD	DD	1.33682E-23	0.007934815	0.992065185
VK	VK543	RD	RD	RD	7.72248E-14	0.999999952	4.77852E-08
VK	VK290	RR	RR	RR	0.999876026	0.000123974	8.0932E-51
VK	VK285	RD	RD	RR	1.74771E-06	0.999998252	6.57434E-14
VK	VK257	RD	RD	RD	8.6468E-15	0.999995581	4.4193E-06
VK	VK319	RR	RR	RR	0.992231385	0.007768615	1.77374E-28
VK	VK320	RR	RR	RR	0.999938175	6.18248E-05	2.22154E-52
VK	VK225	RR	RR	RR	0.996098551	0.003901449	2.08107E-32
VK	VK134	RR	RR	RR	0.992222584	0.007777416	1.01406E-26
VK	VK138	RR	RR	RR	0.888672076	0.111327924	5.18507E-12
VK	VK141	RR	RR	RR	0.999969306	3.06939E-05	3.35107E-59
VK	VK143	RR	RR	RR	0.888779418	0.111220582	1.60382E-11
VK	VK146	RR	RR	RR	0.992225619	0.007774381	8.87603E-28
VK	VK15	RR	RR	RR	0.969628844	0.030371156	1.22029E-19
VK	VK151	RR	RR	RR	0.969630309	0.030369691	2.04737E-19
VK	VK154	RR	RR	RR	0.992053096	0.007946904	1.74992E-22
VK	VK145	RD	RR	RR	0.002663191	0.997336809	3.37684E-10
VK	VK122	RR	RR	RR	0.94103097	0.05896903	8.33403E-16
VK	VK127	RR	RR	RR	0.998046256	0.001953744	1.23509E-35
VK	VK123	RR	RR	RR	0.996105	0.003895	2.37577E-33
VK	VK156	RR	RR	RR	0.984603022	0.015396978	3.34764E-25
VK	VK118	RR	RR	RR	1	2.31564E-16	9.6171E-200
VK	VK111	RR	RR	RR	0.88882701	0.11117299	1.29244E-12
VK	VK110	RR	RR	RR	0.999984251	1.57492E-05	1.22093E-61
VK	VK108	RR	RR	RR	0.969670752	0.030329248	2.48497E-20
VK	VK102	RR	RR	RR	1	2.35644E-10	1.4788E-126
VK	VK101	RR	RR	RR	0.99999234	7.65976E-06	2.98485E-69
VK	VK128	RD	RD	RD	7.85068E-15	1	1.61979E-18
VK	VK160	RR	RR	RR	0.999996145	3.85503E-06	4.7514E-67
VK	VK157	RR	RR	RR	0.888457441	0.111542558	5.19509E-10
VK	VK301	DD	RD	RD	3.15154E-12	0.111203742	0.888796258
VK	VK510	RD	RD	RD	9.20543E-08	0.999999908	2.50748E-26
VK	VK455	RD	RD	RD	1.74994E-17	1	3.98321E-15
VK	VK509	RR	RR	RR	0.941107675	0.058892325	1.50493E-16
VK	VK325	RR	RR	RR	0.799858036	0.200141929	3.52633E-08
VK	VK505	RD	RR	RR	0.095856645	0.904143355	4.13641E-29
VK	VK366	RR	RR	RR	0.998028841	0.001971159	1.34961E-34
VK	VK368	RR	RR	RR	0.999499291	0.000500709	1.36164E-37
VK	VK369	RR	RR	RR	0.992152945	0.007847055	1.2936E-25
VK	VK370	RR	RR	RR	0.941086968	0.058913032	1.35421E-15
VK	VK389	RR	RR	RR	0.984596397	0.015403603	2.08183E-24
VK	VK372	RR	RR	RR	0.984018158	0.015981842	1.76938E-17
VK	VK384	RR	RR	RR	0.992152281	0.007847719	1.88659E-24
VK	VK387	RR	RR	RR	0.575375668	0.424624332	7.49457E-41
VK	VK415	RR	RR	RR	0.88882701	0.11117299	1.29244E-12
VK	VK44	RR	RR	RR	0.941102288	0.058897712	9.75726E-16
VK	VK363	RR	RR	RR	0.999877263	0.000122737	4.16562E-50
VK	VK442	RR	RR	RR	0.992236277	0.007763723	3.56371E-28
VK	VK365	RR	RR	RR	0.79763203	0.202362035	5.93476E-06
VK	VK445	RR	RR	RR	0.984582644	0.015417356	7.13152E-23
VK	VK448	RR	RR	RR	0.999875491	0.000124509	8.56853E-48
VK	VK449	RR	RR	RR	0.992232842	0.007767158	2.53832E-28
VK	VK454	RR	RR	RR	0.94097024	0.05902976	6.21654E-14
VK	VK456	RR	RR	RR	0.999938477	6.15229E-05	1.47766E-50
VK	VK46	RR	RR	RR	1	1.49766E-11	1.2202E-139
VK	VK466	RR	RR	RR	0.798545848	0.201453771	3.81843E-07
VK	VK443	RR	RR	RR	0.999984353	1.56474E-05	1.74631E-59
VK	VK422	RR	RR	RR	0.999875915	0.000124085	6.32501E-51
VK	VK429	RR	RR	RR	0.999754341	0.000245659	2.40505E-45
VK	VK433	RR	RR	RR	0.999508961	0.000491039	2.38471E-43
VK	VK432	RR	RR	RR	0.665872543	0.333333333	0.000794123
VK	VK444	RR	RR	RR	0.984550361	0.015449639	2.79103E-23
VK	VK446	RR	RR	RR	0.999996173	3.82672E-06	2.49835E-74
VK	VK364	RR	RR	RR	0.999876849	0.000123151	2.48032E-51
VK	VK553	RR	RR	RR	0.7998181	0.200181854	4.58113E-08
VK	VK551	RR	RR	RR	0.999996129	3.87108E-06	1.1569E-70
VK	VK511	RR	RR	RR	0.999511057	0.000488943	1.75547E-45
VK	VK513	RR	RR	RR	0.999874731	0.000125269	2.83841E-48
VK	VK515	RR	RR	RR	0.7998181	0.200181854	4.58113E-08
VK	VK516	RR	RR	RR	0.999020192	0.000979808	4.52253E-36
VK	VK517	RR	RR	RR	0.969672193	0.030327807	1.56768E-20
VK	VK520	RR	RR	RR	0.996103575	0.003896425	9.32016E-33
VK	VK521	RR	RR	RR	1	1.51229E-11	2.6854E-135
VK	VK522	RR	RR	RR	1	7.3604E-15	5.4259E-178
VK	VK525	RR	RR	RR	0.888771393	0.111228607	2.68979E-12
VK	VK526	RR	RR	RR	0.519384866	0.480615134	4.16726E-42
VK	VK483	RD	RD	RD	1.48456E-26	1	4.97102E-13
VK	VK527	RR	RR	RR	0.992234409	0.007765591	1.0927E-27
VK	VK531	RR	RR	RR	0.996049511	0.003950489	6.18825E-30
VK	VK532	RR	RR	RR	0.999999985	1.50028E-08	8.2481E-104
VK	VK533	RR	RR	RR	1	1.15601E-13	8.2737E-170
VK	VK534	RR	RR	RR	0.888577175	0.111422824	7.99916E-11
VK	VK535	RR	RR	RR	0.969279044	0.030720956	8.02679E-18
VK	VK504	RR	RR	RR	0.99217228	0.00782772	1.80178E-26
VK	VK536	RR	RR	RR	0.992175814	0.007824186	1.03838E-25
VK	VK471	RR	RR	RR	0.665077473	0.333333333	0.001589193
VK	VK473	RR	RR	RR	0.992220054	0.007779946	1.04094E-26
VK	VK474	RR	RR	RR	0.9998758	0.0001242	8.65386E-49
VK	VK475	RR	RR	RR	0.999999996	3.93636E-09	1.1103E-99
VK	VK478	RR	RR	RR	0.996078381	0.003921619	8.91426E-31
VK	VK479	RR	RR	RR	0.999969165	3.08352E-05	1.5091E-60
VK	VK530	RR	RR	RR	0.888325443	0.111674557	1.38941E-11
VK	VK507	RR	RR	RR	0.940719263	0.059280737	1.20274E-13
VK	VK552	RR	RR	RR	0.99987701	0.00012299	4.89719E-52
VK	VK388	RR	RR	RR	0.940977737	0.059022263	7.93212E-15
VK	VK404	RR	RR	RR	0.984538959	0.015461041	4.45368E-23
VK	VK56	RR	RR	RR	0.999749548	0.000250452	1.76401E-41
VK	VK328	RR	RR	RR	0.999507526	0.000492474	1.31384E-43
VK	VK329	RD	RD	RD	1.88649E-11	1	2.46864E-14
VK	VK33	RR	RR	RR	0.887094643	0.112905354	2.55088E-09
VK	VK330	RR	RR	RR	0.996049453	0.003950547	8.08804E-31
VK	VK332	RR	RR	RR	0.996070476	0.003929524	1.61939E-31
VK	VK333	RR	RR	RR	0.999877485	0.000122515	2.80366E-52
VK	VK335	RR	RR	RR	0.996077905	0.003922095	3.89235E-29
VK	VK336	RR	RR	RR	0.984539499	0.015460501	3.95651E-21
VK	VK337	RR	RR	RR	0.996095722	0.003904278	2.92801E-31
VK	VK324	RR	RR	RR	0.999992314	7.6862E-06	1.10291E-68
VK	VK343	RR	RR	RR	0.999018632	0.000981368	1.07835E-36
VK	VK344	RR	RR	RR	0.940857594	0.059142406	7.7755E-16
VK	VK345	RR	RR	RR	0.998044832	0.001955168	2.81224E-34
VK	VK327	RR	RR	RR	0.940930806	0.059069194	5.21221E-15
VK	VK346	RD	RR	RR	0.177751308	0.822248692	5.93059E-43
VK	VK350	RR	RR	RR	0.999503298	0.000496702	2.71253E-42
VK	VK353	RR	RR	RR	0.984366086	0.015633914	1.54141E-21
VK	VK34	RR	RR	RR	0.999752654	0.000247346	8.50876E-48
VK	VK227	RR	RR	RR	0.992232929	0.007767071	1.49589E-27
VK	VK323	RR	RR	RR	0.999021642	0.000978358	9.23623E-41
VK	VK296	RD	RD	RD	6.25844E-16	0.999989147	1.08529E-05
VK	VK297	RR	RR	RR	0.992182301	0.007817699	5.93701E-26
VK	VK30	RR	RR	RR	0.88880803	0.11119197	1.7693E-12
VK	VK300	RR	RR	RR	0.969609072	0.030390928	2.79416E-19
VK	VK303	RR	RR	RR	0.99998453	1.54702E-05	8.22726E-65
VK	VK322	RD	RR	RR	0.145899693	0.854100307	2.72574E-33
VK	VK306	RR	RR	RR	0.99804869	0.00195131	7.93479E-38
VK	VK355	RR	RR	RR	0.992224173	0.007775827	1.64722E-26
VK	VK308	RR	RR	RR	0.99975434	0.00024566	3.16844E-47
VK	VK529	RR	RR	RR	0.999020077	0.000979923	2.01177E-37
VK	VK399	RR	RR	RR	0.999511235	0.000488765	7.02301E-45
VK	VK58	RR	RR	RR	0.822043131	0.177956869	3.83045E-94
VK	VK6	RR	RR	RR	0.99999994	6.02975E-08	5.4731E-99
VK	VK63	RR	RR	RR	0.666319625	0.333333333	0.000347041
VK	VK64	RR	RR	RR	0.984156863	0.015843137	3.4364E-19
VK	VK469	RR	RR	RR	0.666319625	0.333333333	0.000347041
VK	VK476	RR	RR	RR	0.799908201	0.200091777	2.20134E-08
VK	VK391	RR	RR	RR	0.799908201	0.200091777	2.20134E-08
VK	VK392	RR	RR	RR	0.99606359	0.00393641	3.5642E-30
VK	VK393	RD	RD	RR	7.11951E-07	0.999999288	6.06319E-20
VK	VK394	RR	RR	RR	0.94107655	0.05892345	4.69218E-15
VK	VK395	RR	RR	RR	0.996099902	0.003900098	1.27116E-31
VK	VK396	RR	RR	RR	0.984579462	0.015420538	6.54718E-24
VK	VK42	RR	RR	RR	1	6.74487E-14	1.5211E-217
VK	VK398	RR	RR	RR	0.99605123	0.00394877	1.56125E-30
VK	VK40	RR	RR	RR	0.984589937	0.015410063	3.78513E-24
VK	VK400	RR	RR	RR	0.992241001	0.007758999	2.82557E-29
VK	VK401	RR	RR	RR	0.984603491	0.015396509	2.11202E-25
VK	VK402	RR	RR	RR	0.992231537	0.007768463	1.94491E-27
VK	VK390	RR	RR	RR	0.96963798	0.03036202	4.93082E-20
VK	VK403	RR	RR	RR	0.984387787	0.015612213	5.70896E-23
VK	VK406	RR	RR	RR	0.99804509	0.00195491	6.17349E-35
VK	VK409	RD	RD	RD	2.49131E-08	0.898745017	0.101254958
VK	VK410	RR	RR	RR	0.799581637	0.200417493	8.70321E-07
VK	VK414	RR	RR	RR	0.999874604	0.000125396	5.39515E-46
VK	VK417	RR	RR	RR	0.998038047	0.001961953	2.63612E-33
VK	VK418	RR	RR	RR	0.984583443	0.015416557	3.57367E-23
VK	VK419	RD	RR	RR	0.004226778	0.995773222	2.44624E-15
VK	VK506	RR	RR	RR	0.999755587	0.000244413	1.17314E-49
VK	VK508	RD	RR	RR	0.30158175	0.69841825	4.5348E-44