Assigned	Sample	No_filter	Permissive_filter	Strict_filter	pRR_Data_n	pRD_Data_n	pDD_Data_n
BOTAI	MA2213	RR	RR	RR	0.998028277	0.001971723	1.91786E-35
BOTAI	DA345	RR	RR	RR	0.984520714	0.015479286	7.03337E-22
BOTAI	DA246	RR	RR	RR	0.999998071	1.9291E-06	4.44789E-73
BOTAI	RISE677	RR	RR	RR	0.940855551	0.059144449	8.47152E-15
BOTAI	DA337	RR	RR	RR	0.984549502	0.015450498	1.71344E-23
BOTAI	RISE719	RR	RR	RR	0.9691038	0.0308962	1.97584E-16
BOTAI	RISE685	RD	RR	RR	0.016682136	0.983317864	3.99399E-22
BOTAI	DA339	RR	RR	RR	0.888772384	0.111227616	2.66489E-12
BOTAI	RISE683	RR	RR	RR	0.999999757	2.42579E-07	2.29114E-85
BOTAI	DA357	RR	RR	RR	0.661417323	0.333333333	0.005249344
BOTAI	MA2212	RR	RR	RR	0.941048755	0.058951245	3.26965E-15
BOTAI	RISE662	RR	RR	RR	0.996040634	0.003959366	9.21563E-31
BOTAI	DA336	RR	RR	RR	0.969640129	0.030359871	1.03796E-19
BOTAI	DA354	RR	RR	RR	0.666241225	0.333333333	0.000425441
BOTAI	RISE670	RR	RR	RR	0.88881403	0.11118597	1.99495E-12
BOTAI	RISE674	RR	RR	RR	0.999996129	3.87149E-06	1.04843E-71
BOTAI	DA335	RR	RR	RR	0.799790916	0.200208743	3.40354E-07
BOTAI	DA381	RD	RR	RR	0.141400843	0.858599157	5.5961E-11
BOTAI	DA358	RD	RD	RD	4.47E-09	0.910365594	0.089634402
BOTAI	DA343	RD	RR	RR	0.247148779	0.752851221	1.76247E-13
BOTAI	DA341	RR	RR	RR	0.723451051	0.276548949	1.82505E-25
BOTAI	DA340	RD	RD	RD	1.88188E-06	0.999997764	3.54239E-07
BOTAI	RISE718	RD	RD	RD	8.73165E-13	0.999999958	4.23743E-08
BOTAI	EBA2	RR	RD	RD	0.999997775	2.22487E-06	6.3902E-154
BOTAI	RISE680	RD	RD	RD	1.27223E-20	1	1.13602E-25
BOTAI	EBA1	RD	RD	RD	7.4597E-54	1	2.60878E-64
BOTAI	RISE664	RD	RD	RD	5.02723E-51	1	5.14122E-47
BOTAI	RISE671	RR	RR	RR	0.799871021	0.200128894	8.53738E-08
BOTAI	DA355	RR	RR	RR	0.887948937	0.112051063	1.78402E-10
BOTAI	DA342	RR	RR	RR	0.997998336	0.002001664	2.60628E-32
BOTAI	DA359	RR	RR	RR	0.941067425	0.058932575	1.29477E-14
BOTAI	Yamnaya	RR	RR	RR	1	1.29695E-38	0
BOTAI	BOT2016	RR	RR	RR	1	2.26486E-19	0
BOTAI	BOT14	RR	RR	RR	0.99999994	6.02897E-08	1.0935E-133
BOTAI	MA2205	RR	RR	RR	0.799825909	0.200174048	4.37488E-08
BOTAI	MA2200	RR	RR	RR	0.999751663	0.000248337	4.59631E-43
BOTAI	DA360	RR	RR	RR	0.666241225	0.333333333	0.000425441
BOTAI	DA334	RR	RR	RR	0.940957998	0.059042002	8.42727E-15
BOTAI	DA245	RR	RR	RR	0.999876257	0.000123743	9.65709E-50
BOTAI	DA253	RD	RD	RD	9.45873E-10	0.999999999	5.17519E-26
BOTAI	RISE667	RR	RR	RR	0.666241225	0.333333333	0.000425441
BOTAI	DA252	RR	RR	RR	0.999999518	4.81784E-07	2.1791E-80
BOTAI	DA247	RR	RR	RR	0.999984164	1.5836E-05	3.97579E-57
BOTAI	MA2196	RR	RR	RR	0.66583229	0.333333333	0.000834376
BOTAI	DA361	RR	RR	RR	0.969457556	0.030542444	5.9972E-20
BOTAI	DA362	RR	RR	RR	0.999509139	0.000490861	2.74258E-42
BOTAI	DA250	RD	RR	RR	7.51348E-11	1	2.76874E-18
BOTAI	DA249	RR	RR	RR	0.999999938	6.15747E-08	1.04887E-90
BOTAI	DA248	RD	RR	RR	0.010378113	0.989621887	2.5991E-15
BOTAI	MA2195	RR	RR	RR	0.999001998	0.000998002	2.66981E-34
BOTAI	DA380	RR	RR	RR	0.969544217	0.030455783	5.18205E-19
BOTAI	DA383	RR	RR	RR	0.940546652	0.059453348	8.58317E-13
BOTAI	DA251	RR	RR	RR	0.799876539	0.200123393	6.78083E-08
BOTAI	RISE673	RR	RR	RR	0.666241225	0.333333333	0.000425441
BOTAI	BOT15	RR	RR	RR	0.999507066	0.000492934	3.55263E-56
NEO	NEO199	RR	RR	RR	0.969650302	0.030349698	9.9969E-21
NEO	NEO200	RR	RR	RR	0.969589933	0.030410067	4.18723E-21
NEO	NEO855	RR	RR	RR	0.999493217	0.000506783	2.63246E-37
NEO	NEO197	RD	RD	RD	2.35596E-12	1	2.32813E-11
NEO	NEO853	RR	RR	RR	0.998019219	0.001980781	2.61383E-34
NEO	NEO843	RR	RR	RR	0.999018897	0.000981103	1.54943E-41
NEO	NEO212	RR	RR	RR	0.999996146	3.85363E-06	1.84178E-73
NEO	NEO179	RR	RR	RR	0.888324415	0.111675585	7.58626E-11
NEO	NEO261	RR	RR	RR	0.999937264	6.27356E-05	3.06112E-51
NEO	NEO18	DD	RD	RD	2.60917E-52	0.008596507	0.991403493
NEO	NEO223	RR	RR	RR	0.799337152	0.200661064	1.78473E-06
NEO	NEO194	RR	RR	RR	0.999755692	0.000244308	2.86515E-54
NEO	NEO856	RR	RR	RR	0.799795384	0.20020429	3.26133E-07
NEO	NEO19	RR	RR	RR	0.99993882	6.11796E-05	1.79718E-58
NEO	NEO865	RR	RR	RR	0.666241225	0.333333333	0.000425441
NEO	NEO816	RR	RR	RR	0.984457178	0.015542822	1.34594E-22
NEO	NEO875	RR	RR	RR	0.79855024	0.201449569	1.91361E-07
NEO	NEO83	RR	RR	RR	0.984577321	0.015422679	2.23363E-22
NEO	NEO119	RR	RR	RR	0.666241225	0.333333333	0.000425441
NEO	NEO123	RR	RR	RR	0.799795384	0.20020429	3.26133E-07
NEO	NEO116	RR	RR	RR	0.999999998	1.90008E-09	4.6934E-113
NEO	NEO570	RR	RR	RR	0.999998048	1.95193E-06	4.02389E-71
NEO	NEO507	RR	RR	RR	0.662020906	0.333333333	0.004645761
NEO	NEO516	RR	RR	RR	0.799887167	0.200112799	3.39784E-08
NEO	NEO502	RR	RR	RR	0.969437103	0.030562897	2.19292E-19
NEO	NEO228	RR	RR	RR	0.664343786	0.333333333	0.00232288
NEO	NEO283	RR	RR	RR	0.940393208	0.059606792	1.56715E-14
NEO	NEO292	RR	RR	RR	0.992225407	0.007774593	4.54267E-27
NEO	NEO300	RR	RR	RR	0.999876472	0.000123528	2.0701E-52
NEO	NEO305	RR	RR	RR	0.999968757	3.12429E-05	1.6139E-52
NEO	NEO866	RR	RR	RR	0.999014105	0.000985895	6.71511E-41
NEO	NEO189	RR	RR	RR	0.888817987	0.111182013	7.94112E-13
NEO	NEO847	RD	RD	RD	4.85464E-12	1	1.34791E-19
NEO	NEO922	DD	RR	RR	0.001978239	0.333333333	0.664688427
NEO	NEO195	DD	DD	DD	1.58396E-15	0.030783132	0.969216868
NEO	NEO683	RD	RD	RD	1.74033E-26	0.999759677	0.000240323
NEO	NEO589	RD	RD	RD	7.39526E-54	1	8.94668E-81
NEO	NEO749	RD	RD	RD	5.02219E-11	1	1.79649E-20
NEO	NEO309	RR	RR	RR	0.99996895	3.10501E-05	1.54853E-60
NEO	NEO912	RD	RD	RD	7.07862E-13	0.999964743	3.52572E-05
NEO	NEO306	RD	RD	RD	2.5662E-10	1	9.77613E-56
NEO	NEO166	RD	RD	RD	8.63845E-17	1	1.44596E-16
NEO	NEO164	DD	RD	RD	6.0982E-06	0.200885459	0.799108443
NEO	NEO721	RD	RD	RD	0.000333489	0.9996665	1.11118E-08
NEO	NEO202	RD	RD	RD	2.58348E-18	1	4.9949E-27
NEO	NEO302	RD	RD	RD	9.93928E-11	1	6.52887E-45
NEO	NEO185	RR	RR	RR	0.724379033	0.275620967	8.9496E-23
NEO	NEO509	RD	RD	RD	0.008688795	0.991311205	2.71407E-48
NEO	NEO260	RR	RR	RR	0.999999938	6.21173E-08	1.10956E-89
NEO	NEO598	RD	RR	RR	0.038576921	0.961416966	6.11221E-06
NEO	NEO27	RR	RR	RR	0.965636362	0.034363638	1.44049E-43
NEO	NEO304	RD	RD	RD	1.69719E-05	0.999983028	7.70295E-17
NEO	NEO552	DD	RR	RR	0.001155402	0.333333333	0.665511265
NEO	NEO78	RD	RR	RR	0.086518414	0.913481586	8.2716E-14
NEO	NEO175	DD	DD	DD	3.01761E-07	0.202283414	0.797716284
NEO	NEO142	RD	RR	RR	0.010106596	0.989893404	2.93857E-13
NEO	NEO225	RD	RD	RD	8.49722E-36	1	1.05458E-42
NEO	NEO556	RD	RD	RD	9.97786E-11	0.999999999	1.02081E-09
NEO	NEO733	DD	DD	DD	2.40744E-21	0.030454543	0.969545457
NEO	NEO559	DD	DD	DD	2.28636E-17	0.058858982	0.941141018
NEO	NEO561	DD	DD	DD	9.59653E-22	0.030330868	0.969669132
NEO	NEO568	RD	RD	RD	1.11918E-15	0.999991677	8.32348E-06
NEO	NEO560	RD	RD	RD	3.92537E-09	0.999999996	4.42491E-25
NEO	NEO162	DD	RR	RR	0.005249344	0.333333333	0.661417323
NEO	NEO935	RR	RR	RR	0.999999973	2.67567E-08	2.8985E-127
NEO	NEO80	RR	RR	RR	0.992212842	0.007787158	2.84578E-28
NEO	NEO310	RR	RR	RR	0.992172474	0.007827526	7.46448E-29
NEO	NEO115	RR	RR	RR	0.940821752	0.059178248	8.67421E-16
NEO	NEO717	RR	RR	RR	0.799337152	0.200661064	1.78473E-06
NEO	NEO702	RR	RR	RR	0.888820592	0.111179408	3.97969E-13
NEO	NEO806	RD	RD	RD	1.25182E-16	0.999998919	1.08129E-06
NEO	NEO907	RR	RR	RR	0.969669682	0.030330318	2.41949E-21
NEO	NEO917	RR	RR	RR	0.999753691	0.000246309	1.2761E-48
NEO	NEO911	RR	RR	RR	0.998049027	0.001950973	1.54052E-40
NEO	NEO813	RR	RR	RR	1	2.36036E-10	8.929E-132
NEO	NEO819	RR	RR	RR	0.888074846	0.111925154	2.88186E-10
NEO	NEO88	RR	RR	RR	0.99993774	6.226E-05	1.10964E-51
NEO	NEO93	RR	RR	RR	0.99975459	0.00024541	3.62194E-48
NEO	NEO930	RR	RR	RR	0.658682635	0.333333333	0.007984032
NEO	NEO932	RR	RR	RR	0.999506051	0.000493949	8.86136E-43
NEO	NEO938	RR	RR	RR	0.888781424	0.111218576	6.45126E-13
NEO	NEO942	RR	RR	RR	0.969675091	0.030324909	3.0443E-22
NEO	NEO735	RR	RR	RR	0.984585142	0.015414858	4.76012E-24
NEO	NEO943	RD	RD	RD	3.49612E-25	0.999999999	6.90392E-10
NEO	NEO946	RR	RR	RR	0.992176294	0.007823706	1.57866E-27
NEO	NEO925	RR	RR	RR	0.799893593	0.200106394	1.35255E-08
NEO	NEO923	RR	RR	RR	0.66252588	0.333333333	0.004140787
NEO	NEO92	RD	RR	RR	0.000210105	0.999785706	4.18908E-06
NEO	NEO898	RR	RR	RR	0.992198451	0.007801549	5.37044E-30
NEO	NEO901	RR	RR	RR	0.797772214	0.202210997	1.67881E-05
NEO	NEO886	RR	RR	RR	0.969657094	0.030342906	7.34132E-21
NEO	NEO91	RR	RR	RR	0.99205591	0.00794409	1.81451E-25
NEO	NEO910	RR	RR	RR	0.662020906	0.333333333	0.004645761
NEO	NEO498	RR	RR	RR	0.999013456	0.000986544	3.21806E-40
NEO	NEO590	RR	RR	RR	0.996023264	0.003976736	2.28181E-30
NEO	NEO281	RR	RR	RR	0.999996162	3.83828E-06	7.74941E-76
NEO	NEO36	RR	RR	RR	0.999504269	0.000495731	4.98297E-43
NEO	NEO646	RR	RR	RR	0.999937707	6.22932E-05	9.14169E-55
NEO	NEO945	RD	RD	RD	8.35463E-21	0.999999998	2.47145E-09
NEO	NEO759	RR	RR	RR	0.999968741	3.12594E-05	1.72534E-61
NEO	NEO23	RR	RR	RR	0.999019823	0.000980177	8.43229E-42
NEO	NEO748	RR	RR	RR	0.665029322	0.333333333	0.001637345
NEO	NEO752	RR	RR	RR	0.992226602	0.007773398	4.39655E-30
NEO	NEO595	RR	RR	RR	0.799795384	0.20020429	3.26133E-07
NEO	NEO558	RR	RR	RR	0.888784231	0.111215769	2.51368E-11
NEO	NEO557	RD	RR	RR	0.000211488	0.999788218	2.93733E-07
NEO	NEO538	RR	RR	RR	0.999984468	1.55319E-05	1.94634E-61
NEO	NEO555	RR	RR	RR	0.999875899	0.000124101	1.0147E-49
NEO	NEO521	RR	RR	RR	0.666241225	0.333333333	0.000425441
NEO	NEO160	RR	RR	RR	0.940709776	0.059290224	8.72822E-15
NEO	NEO147	RR	RR	RR	0.66512353	0.333333333	0.001543137
NEO	NEO171	RR	RR	RR	0.984603705	0.015396295	8.18532E-27
NEO	NEO173	RR	RR	RR	0.665742025	0.333333333	0.000924642
NEO	NEO791	RR	RR	RR	0.999754603	0.000245397	2.58134E-48
NEO	NEO951	RR	RR	RR	0.887930819	0.112069163	1.78183E-08
NEO	NEO812	RR	RR	RR	0.999999929	7.0551E-08	1.9616E-145
NEO	NEO626	RR	RR	RR	0.66583229	0.333333333	0.000834376
NEO	NEO70	RR	RR	RR	0.999998086	1.91378E-06	1.07288E-81
NEO	NEO653	RR	RR	RR	0.798060824	0.201938919	2.56151E-07
NEO	NEO65	RD	RR	RR	2.25819E-06	0.999997742	1.76971E-23
NEO	NEO738	RR	RR	RR	0.984584535	0.015415465	1.19583E-23
NEO	NEO672	RR	RR	RR	0.941067489	0.058932511	3.1393E-16
NEO	NEO632	RR	RR	RR	0.799889363	0.20011061	2.69889E-08
NEO	NEO878	RR	RR	RR	0.666241225	0.333333333	0.000425441
NEO	NEO631	RD	RD	RD	4.76671E-10	1	3.55514E-27
NEO	NEO625	RR	RR	RR	0.996070446	0.003929554	1.57659E-32
NEO	NEO739	RR	RR	RR	0.999938791	6.12086E-05	1.77846E-58
NEO	NEO645	RR	RR	RR	0.659793814	0.333333333	0.006872852
NEO	NEO648	RR	RR	RR	0.999020819	0.000979181	3.21899E-42
NEO	NEO67	RR	RR	RR	0.666241225	0.333333333	0.000425441
NEO	NEO68	RR	RR	RR	0.799735808	0.200264125	6.75465E-08
NEO	NEO677	RR	RR	RR	0.799632914	0.200366243	8.43291E-07
NEO	NEO62	RR	RR	RR	0.999511205	0.000488795	5.20544E-48
NEO	NEO658	RR	RR	RR	0.98453083	0.01546917	1.23664E-22
RISE	RISE373	RR	RR	RR	0.666241225	0.333333333	0.000425441
RISE	RISE392	RR	RR	RR	0.969420087	0.030579913	2.24007E-18
RISE	RISE486	RR	RR	RR	0.941132337	0.058867663	8.86547E-17
RISE	RISE493	RR	RR	RR	1	4.75797E-13	8.7749E-157
RISE	RISE577	RD	RD	RD	2.27895E-12	0.967714337	0.032285663
RISE	RISE407	RR	RR	RR	0.888815382	0.111184618	1.58458E-12
RISE	RISE500	RR	RR	RR	0.999012735	0.000987265	4.21885E-40
RISE	RISE509	DD	RD	RD	1.00092E-73	0.017933711	0.982066289
RISE	RISE479	RD	RD	RD	1.6554E-06	0.999998345	1.05089E-20
RISE	RISE497	RR	RR	RR	0.999999631	3.68623E-07	8.9883E-106
RISE	RISE502	RD	RD	RD	1.78518E-07	0.999999821	6.02336E-15
RISE	RISE499	RR	RR	RR	0.984374524	0.015625476	1.28058E-20
RISE	RISE547	RD	RD	RD	2.02524E-10	0.999999998	1.3754E-09
RISE	RISE496	RD	RR	RR	0.297691445	0.702308555	5.51931E-38
RISE	RISE94	RD	RR	RR	0.001054676	0.998945323	3.513E-10
RISE	RISE504	RR	RR	RR	0.992239215	0.007760785	1.09588E-28
RISE	RISE552	RR	RR	RR	0.999506931	0.000493069	2.12672E-43
RISE	RISE555	RR	RR	RR	0.664688427	0.333333333	0.001978239
RISE	RISE00	RR	RR	RR	0.888696788	0.111303212	3.75757E-11
RISE	RISE548	RR	RR	RR	0.79872341	0.201276256	3.34945E-07
RISE	RISE505	RR	RR	RR	1	9.58229E-13	1.668E-146
RISE	RISE495	RR	RR	RR	0.999508622	0.000491378	1.37202E-40
RISE	RISE523	RR	RR	RR	0.999968881	3.11185E-05	4.35499E-54
RISE	RISE503	RR	RR	RR	0.940746655	0.059253345	1.17696E-14
RISE	RISE569	RR	RR	RR	0.984544829	0.015455171	2.12841E-23
RISE	RISE601	RD	RR	RR	1.58156E-16	1	1.18776E-12
RISE	RISE602	RD	RR	RR	0.002118662	0.997881338	1.76756E-17
RISE	RISE511	RR	RR	RR	1	4.75672E-10	1.1417E-121
RISE	RISE98	RR	RR	RR	0.999999877	1.229E-07	6.17042E-89
VK	VK98	RR	RR	RR	0.999937729	6.22705E-05	1.71394E-53
VK	VK70	RR	RR	RR	0.99988654	0.00011346	9.5583E-97
VK	VK69	RR	RR	RR	0.984408284	0.015591716	1.9792E-21
VK	VK539	RR	RR	RR	0.999877253	0.000122747	6.48184E-48
VK	VK548	RR	RR	RR	0.999998076	1.92371E-06	4.96161E-70
VK	VK545	RD	RR	RR	0.013323839	0.986676161	1.33955E-25
VK	VK95	RR	RR	RR	0.996095602	0.003904398	4.66154E-32
VK	VK549	RR	RR	RR	0.999016459	0.000983541	2.48632E-35
VK	VK550	RD	RD	RD	3.15756E-15	1	4.61183E-13
VK	VK551	RR	RR	RR	0.730028799	0.269971201	6.8679E-43
VK	VK552	RR	RR	RR	0.969586033	0.030413967	2.7183E-19
VK	VK540	RR	RR	RR	0.992152128	0.007847872	4.14811E-28
VK	VK90	RR	RR	RR	0.969671991	0.030328009	4.8264E-21
VK	VK538	RR	RR	RR	0.992240305	0.007759695	2.75156E-29
VK	VK84	RD	RR	RR	0.001672388	0.998327612	5.41231E-12
VK	VK75	RR	RR	RR	0.887791071	0.112208928	3.92838E-10
VK	VK536	RR	RR	RR	0.992174379	0.007825621	5.63074E-27
VK	VK486	RR	RR	RR	0.999492264	0.000507736	1.73595E-36
VK	VK50	RR	RR	RR	0.99999988	1.20373E-07	3.427E-93
VK	VK497	RR	RR	RR	0.984515553	0.015484447	4.63557E-22
VK	VK495	RR	RR	RR	0.997990431	0.002009569	2.33636E-31
VK	VK493	RR	RR	RR	0.996040767	0.003959233	4.48625E-29
VK	VK492	RR	RR	RR	0.666241225	0.333333333	0.000425441
VK	VK490	RR	RR	RR	0.941071574	0.058928426	2.41014E-16
VK	VK489	RR	RR	RR	0.999503503	0.000496497	3.6796E-41
VK	VK261	RR	RR	RR	0.998039806	0.001960194	9.68751E-37
VK	VK488	RR	RR	RR	0.992184365	0.007815635	3.60508E-26
VK	VK87	RR	RR	RR	0.999984483	1.5517E-05	4.47393E-62
VK	VK498	RR	RR	RR	0.984598491	0.015401509	1.29862E-24
VK	VK190	DD	DD	DD	3.516E-112	4.63234E-08	0.999999954
VK	VK484	RR	RR	RR	0.999012048	0.000987952	2.03048E-38
VK	VK218	RR	RR	RR	0.940377343	0.059622657	1.98174E-15
VK	VK219	RR	RR	RR	0.999022	0.000978	5.38309E-41
VK	VK22	RR	RR	RR	0.663316583	0.333333333	0.003350084
VK	VK220	RR	RR	RR	0.999984489	1.55111E-05	8.09924E-57
VK	VK223	RR	RR	RR	0.941090796	0.058909204	1.92815E-16
VK	VK224	RR	RR	RR	0.799889363	0.20011061	2.69889E-08
VK	VK165	RR	RR	RR	0.98459814	0.01540186	4.10688E-24
VK	VK166	RR	RR	RR	0.999992102	7.89771E-06	6.19589E-57
VK	VK168	RR	RR	RR	0.999014085	0.000985915	4.49787E-37
VK	VK17	RR	RR	RR	0.662020906	0.333333333	0.004645761
VK	VK170	RR	RR	RR	0.888807485	0.111192515	3.98121E-12
VK	VK313	RR	RR	RR	0.799325273	0.200674551	1.75979E-07
VK	VK173	RR	RR	RR	0.99221011	0.00778989	1.29684E-26
VK	VK174	RR	RR	RR	0.99607913	0.00392087	3.52451E-29
VK	VK176	RR	RR	RR	0.999968995	3.10046E-05	2.15068E-54
VK	VK177	RR	RR	RR	0.941131579	0.058868421	1.11614E-16
VK	VK178	RR	RR	RR	0.99802629	0.00197371	1.79425E-32
VK	VK184	RR	RR	RR	0.969548673	0.030451327	9.56122E-19
VK	VK187	RR	RR	RR	0.888467086	0.111532914	1.03354E-11
VK	VK19	RR	RR	RR	0.799884403	0.200115555	4.27783E-08
VK	VK179	RR	RR	RR	0.999749939	0.000250061	3.70539E-42
VK	VK355	RR	RR	RR	0.9959886	0.0040114	1.25387E-25
VK	VK349	RR	RR	RR	0.984560116	0.015439884	2.61806E-23
VK	VK357	RR	RR	RR	0.984553312	0.015446688	4.80348E-22
VK	VK504	RR	RR	RR	0.992180012	0.007819988	8.00897E-25
VK	VK202	RR	RR	RR	0.99213575	0.00786425	1.84906E-25
VK	VK201	RR	RR	RR	0.998047416	0.001952584	7.41722E-37
VK	VK207	RR	RR	RR	0.941120585	0.058879415	4.44603E-16
VK	VK172	RR	RR	RR	0.999022706	0.000977294	3.92291E-41
VK	VK204	RR	RR	RR	0.799889363	0.20011061	2.69889E-08
VK	VK348	RR	RR	RR	0.999754148	0.000245852	1.89011E-46
VK	VK264	RR	RR	RR	0.996092622	0.003907378	9.05179E-30
VK	VK266	RR	RR	RR	0.969623194	0.030376806	6.87032E-19
VK	VK273	RR	RR	RR	0.984537708	0.015462292	3.32448E-20
VK	VK274	RR	RR	RR	0.999875265	0.000124735	1.5852E-49
VK	VK275	RR	RR	RR	0.798448258	0.201547128	4.61416E-06
VK	VK279	RR	RR	RR	0.999969323	3.06765E-05	7.72917E-59
VK	VK280	RR	RR	RR	0.888802734	0.111197266	6.31067E-12
VK	VK281	RR	RR	RR	0.999012007	0.000987993	3.48125E-37
VK	VK286	RR	RR	RR	0.998004443	0.001995557	1.31331E-31
VK	VK287	RR	RR	RR	0.941080093	0.058919907	1.67094E-15
VK	VK288	RR	RR	RR	0.984592827	0.015407173	3.12942E-24
VK	VK324	RD	RR	RR	0.001673366	0.998326634	4.48101E-13
VK	VK289	RR	RR	RR	0.984572325	0.015427675	1.309E-24
VK	VK259	RR	RR	RR	0.984559084	0.015440916	7.9154E-22
VK	VK23	RR	RR	RR	0.888379875	0.111620125	1.25265E-11
VK	VK236	RR	RR	RR	0.996073571	0.003926429	4.09985E-29
VK	VK238	RD	RD	RD	2.244E-06	0.999997756	6.30416E-25
VK	VK240	RR	RR	RR	0.984476142	0.015523858	4.01159E-21
VK	VK241	RR	RR	RR	0.940965784	0.059034216	8.94286E-15
VK	VK29	RR	RR	RR	0.999998087	1.9131E-06	5.92023E-78
VK	VK245	RR	RR	RR	0.992130018	0.007869982	1.58114E-24
VK	VK25	RR	RR	RR	0.998036663	0.001963337	4.96147E-35
VK	VK254	RR	RR	RR	0.941099889	0.058900111	1.07139E-15
VK	VK256	RR	RR	RR	0.996102767	0.003897233	8.83906E-33
VK	VK292	RR	RR	RR	0.665977249	0.333333333	0.000689417
VK	VK260	RR	RR	RR	0.998023727	0.001976273	4.164E-29
VK	VK312	RR	RR	RR	0.666241225	0.333333333	0.000425441
VK	VK315	RR	RR	RR	0.984470638	0.015529362	2.18862E-21
VK	VK263	RR	RR	RR	0.999968838	3.11619E-05	7.0083E-57
VK	VK20	RR	RR	RR	0.888757506	0.111242494	1.91491E-11
VK	VK317	RR	RR	RR	0.984601707	0.015398293	2.58945E-25
VK	VK203	RD	RD	RD	1.95754E-10	0.999158389	0.000841611
VK	VK265	RD	RR	RR	0.397312042	0.602687958	1.89846E-19
VK	VK420	RD	RD	RD	8.0155E-24	0.716661226	0.283338774
VK	VK433	RD	RD	RD	1.19073E-11	1	3.40581E-25
VK	VK387	RD	RR	RR	0.221378393	0.778621607	4.60406E-20
VK	VK547	RD	RD	RD	3.81445E-25	1	3.91364E-65
VK	VK372	RD	RD	RD	1.43408E-06	0.999998564	2.18443E-09
VK	VK541	RR	RR	RR	0.999239167	0.000760833	9.36924E-53
VK	VK544	RD	RD	RD	2.26589E-12	1	1.115E-22
VK	VK230	RD	RD	RD	6.40148E-17	1	3.73398E-18
VK	VK101	RD	RR	RR	0.39638845	0.60361155	2.62903E-16
VK	VK491	RD	RR	RR	0.397433122	0.602566878	3.948E-20
VK	VK363	RD	RD	RD	2.49772E-18	0.996647517	0.003352483
VK	VK404	RR	RR	RR	0.720208637	0.279791363	2.33766E-22
VK	VK529	RD	RD	RD	4.72738E-29	1	8.08555E-17
VK	VK524	DD	DD	DD	4.72304E-20	0.030492898	0.969507102
VK	VK291	RD	RD	RD	4.2476E-06	0.999995708	4.44382E-08
VK	VK175	RD	RR	RR	0.247889545	0.752110455	8.92786E-15
VK	VK257	RD	RD	RD	2.93425E-09	0.999999715	2.81792E-07
VK	VK221	RD	RD	RD	1.21343E-25	1	2.73128E-27
VK	VK290	RD	RD	RD	1.44188E-16	1	1.70018E-21
VK	VK294	RD	RD	RD	0.00011625	0.99988375	8.96764E-14
VK	VK129	RD	RD	RD	6.50349E-33	1	1.4291E-54
VK	VK396	RD	RD	RD	1.738E-13	1	4.80264E-14
VK	VK456	RD	RD	RD	7.38492E-13	1	5.00454E-15
VK	VK295	DD	DD	DD	1.98054E-23	0.015409672	0.984590328
VK	VK520	RD	RD	RD	2.2716E-11	1	1.95653E-19
VK	VK272	RD	RR	RR	0.039593997	0.960205164	0.000200839
VK	VK316	RR	RR	RR	0.999938091	6.19089E-05	1.86539E-51
VK	VK496	RR	RR	RR	0.953683402	0.046316598	1.35104E-34
VK	VK510	RD	RR	RR	0.038640446	0.9613595	5.36669E-08
VK	VK319	RR	RR	RR	0.888770388	0.111229612	2.71504E-12
VK	VK320	RR	RR	RR	0.999507149	0.000492851	8.82336E-44
VK	VK322	RR	RR	RR	0.941105949	0.058894051	3.61084E-16
VK	VK225	RR	RR	RR	0.799889363	0.20011061	2.69889E-08
VK	VK14	RR	RR	RR	0.66563627	0.333333333	0.001030397
VK	VK141	RR	RR	RR	0.992238356	0.007761644	2.1873E-28
VK	VK143	RR	RR	RR	0.99802438	0.00197562	2.99356E-33
VK	VK15	RR	RR	RR	0.996058429	0.003941571	4.21363E-32
VK	VK150	RR	RR	RR	0.941130821	0.058869179	1.4052E-16
VK	VK151	RR	RR	RR	0.992116445	0.007883555	8.04368E-23
VK	VK154	RR	RR	RR	0.999281294	0.000718706	6.86818E-85
VK	VK146	RR	RR	RR	0.984406851	0.015593149	8.79017E-20
VK	VK127	RR	RR	RR	0.984592619	0.015407381	3.93986E-24
VK	VK128	RR	RR	RR	0.998015689	0.001984311	5.93949E-33
VK	VK156	RR	RR	RR	0.984506962	0.015493038	6.11175E-23
VK	VK123	RR	RR	RR	0.996062966	0.003937034	8.36119E-28
VK	VK122	RR	RR	RR	0.992129905	0.007870095	1.30529E-23
VK	VK111	RR	RR	RR	0.666241225	0.333333333	0.000425441
VK	VK118	RR	RR	RR	0.999999985	1.51991E-08	4.3891E-99
VK	VK108	RR	RR	RR	0.99223532	0.00776468	5.2713E-28
VK	VK102	RR	RR	RR	0.999999878	1.21805E-07	1.5323E-88
VK	VK160	RR	RR	RR	0.999746919	0.000253081	1.44291E-38
VK	VK147	RR	RR	RR	0.996103118	0.003896882	2.31628E-32
VK	VK159	RR	RR	RR	0.666241225	0.333333333	0.000425441
VK	VK110	RR	RR	RR	0.999500919	0.000499081	3.81349E-39
VK	VK438	DD	RR	RR	0.000579206	0.333333333	0.66608746
VK	VK403	RD	RR	RR	0.002042306	0.984247105	0.013710589
VK	VK533	RR	RR	RR	0.999999905	9.47318E-08	6.8622E-102
VK	VK487	RR	RR	RR	0.999503928	0.000496072	5.22113E-39
VK	VK262	RR	RR	RR	0.984516815	0.015483185	3.76561E-22
VK	VK327	RR	RR	RR	0.984460919	0.015539081	3.21065E-21
VK	VK371	RR	RR	RR	0.984498915	0.015501085	1.7585E-20
VK	VK384	RR	RR	RR	0.998046258	0.001953742	3.3301E-37
VK	VK385	RR	RR	RR	0.999508419	0.000491581	1.09975E-42
VK	VK386	RR	RR	RR	0.984590339	0.015409661	5.63198E-25
VK	VK373	RD	RD	RD	2.35258E-11	0.999999999	1.40644E-09
VK	VK42	RR	RR	RR	1	1.43022E-17	6.0109E-213
VK	VK1	RR	RR	RR	1	8.57794E-14	4.6572E-215
VK	VK442	RR	RR	RR	0.99987762	0.00012238	1.586E-53
VK	VK457	RR	RR	RR	0.798856843	0.201142413	7.44228E-07
VK	VK455	RR	RR	RR	0.999509466	0.000490534	3.45718E-43
VK	VK44	RR	RR	RR	0.888810184	0.111189816	3.16214E-12
VK	VK454	RR	RR	RR	0.887513508	0.112486491	1.51921E-09
VK	VK458	RR	RR	RR	0.94098463	0.05901537	1.11247E-14
VK	VK443	RR	RR	RR	0.999999515	4.85252E-07	5.10918E-78
VK	VK445	RR	RR	RR	0.99804859	0.00195141	4.87482E-38
VK	VK446	RR	RR	RR	0.998995667	0.001004333	1.07457E-32
VK	VK448	RR	RR	RR	0.999992153	7.84664E-06	5.1626E-60
VK	VK46	RR	RR	RR	0.999999998	1.93739E-09	1.9651E-106
VK	VK426	RR	RR	RR	0.888754449	0.11124555	3.03519E-11
VK	VK468	RR	RR	RR	0.999969294	3.07062E-05	4.0339E-60
VK	VK422	RR	RR	RR	0.969611675	0.030388325	1.26097E-18
VK	VK449	RR	RR	RR	0.992240095	0.007759905	3.46429E-29
VK	VK428	RR	RR	RR	0.665061662	0.333333333	0.001605005
VK	VK429	RR	RR	RR	0.896067062	0.103932938	5.83497E-53
VK	VK461	RD	RR	RR	0.000208199	0.98806465	0.011727151
VK	VK370	RD	RR	RR	0.000210624	0.997243897	0.002545479
VK	VK368	RR	RR	RR	0.996100289	0.003899711	2.13174E-31
VK	VK58	RR	RR	RR	0.999996115	3.88493E-06	2.13269E-66
VK	VK365	RR	RR	RR	0.992231689	0.007768311	2.01385E-27
VK	VK56	RR	RR	RR	0.999503753	0.000496247	8.44759E-41
VK	VK535	RR	RR	RR	0.998036808	0.001963192	1.27892E-34
VK	VK509	RR	RR	RR	0.99222234	0.00777766	1.16875E-26
VK	VK511	RR	RR	RR	0.999754914	0.000245086	8.04972E-46
VK	VK512	RR	RR	RR	0.999876741	0.000123259	1.17913E-47
VK	VK513	RR	RR	RR	0.998023354	0.001976646	3.04463E-29
VK	VK514	RR	RR	RR	0.799795384	0.20020429	3.26133E-07
VK	VK515	RR	RR	RR	0.941107463	0.058892537	2.86796E-16
VK	VK516	RR	RR	RR	0.996069634	0.003930366	1.43672E-30
VK	VK517	RR	RR	RR	0.969422863	0.030577137	8.759E-18
VK	VK518	RR	RR	RR	0.941025739	0.058974261	3.55942E-16
VK	VK521	RR	RR	RR	1	2.40837E-10	4.0525E-120
VK	VK522	RR	RR	RR	0.999999995	4.57161E-09	1.1081E-144
VK	VK523	RR	RR	RR	0.984467404	0.015532596	1.71632E-22
VK	VK525	RR	RR	RR	0.998031606	0.001968394	9.07722E-33
VK	VK526	RR	RR	RR	0.999937759	6.22409E-05	5.28305E-54
VK	VK528	RD	RD	RD	7.13879E-07	0.999999286	4.24515E-22
VK	VK530	RR	RR	RR	0.940886406	0.059113594	1.1111E-15
VK	VK532	RR	RR	RR	0.999999038	9.61596E-07	9.50225E-79
VK	VK534	RR	RR	RR	0.984404225	0.015595775	4.45715E-20
VK	VK473	RR	RR	RR	0.99803487	0.00196513	1.62665E-35
VK	VK474	RR	RR	RR	0.992231583	0.007768417	2.5354E-27
VK	VK475	RR	RR	RR	0.999999999	9.47097E-10	3.2295E-114
VK	VK476	RR	RR	RR	0.658682635	0.333333333	0.007984032
VK	VK478	RR	RR	RR	0.96964431	0.03035569	3.98224E-19
VK	VK479	RR	RR	RR	0.998046445	0.001953555	3.80354E-36
VK	VK480	RR	RR	RR	0.992156267	0.007843733	4.13555E-26
VK	VK482	RR	RR	RR	0.984529753	0.015470247	7.39941E-21
VK	VK483	RR	RR	RR	0.999937871	6.21291E-05	2.28761E-52
VK	VK537	RR	RR	RR	0.999938518	6.14821E-05	2.90546E-54
VK	VK296	RR	RR	RR	0.940937038	0.059062962	5.78352E-16
VK	VK364	RR	RR	RR	0.999984399	1.56011E-05	2.55266E-61
VK	VK60	RD	RD	RD	1.88531E-11	1	1.45496E-13
VK	VK332	RD	RD	RD	2.81271E-07	0.999999719	6.82401E-13
VK	VK334	RR	RR	RR	0.888713496	0.111286504	3.25051E-11
VK	VK335	RR	RR	RR	0.941075844	0.058924156	8.55814E-16
VK	VK336	RR	RR	RR	0.992233705	0.007766295	1.89311E-28
VK	VK337	RR	RR	RR	0.999937559	6.24412E-05	4.96541E-50
VK	VK326	RR	RR	RR	0.998036674	0.001963326	3.89821E-34
VK	VK34	RR	RR	RR	0.999507615	0.000492385	1.66069E-40
VK	VK342	RR	RR	RR	0.999876591	0.000123409	7.88412E-51
VK	VK343	RD	RR	RR	0.00084353	0.999156469	3.43967E-10
VK	VK344	RR	RR	RR	0.992169147	0.007830853	1.59767E-26
VK	VK346	RR	RR	RR	0.940531852	0.059468148	2.29789E-14
VK	VK506	RD	RR	RR	0.006602921	0.993397079	8.08496E-19
VK	VK35	RR	RR	RR	0.999509731	0.000490269	2.60806E-41
VK	VK350	RR	RR	RR	0.969570735	0.030429265	3.19348E-19
VK	VK352	RR	RR	RR	0.996095706	0.003904294	5.00707E-32
VK	VK353	RD	RR	RR	0.016688767	0.983311233	2.21266E-23
VK	VK340	RR	RR	RR	0.939808375	0.060191625	1.60329E-11
VK	VK325	RR	RR	RR	0.969580884	0.030419116	2.83029E-18
VK	VK323	RD	RD	RD	1.78518E-07	0.999999821	6.02336E-15
VK	VK297	RD	RR	RR	0.001059203	0.998940193	6.03588E-07
VK	VK298	RR	RR	RR	0.888127681	0.111872319	2.10289E-10
VK	VK301	RR	RR	RR	0.999021243	0.000978757	1.1493E-39
VK	VK303	RR	RR	RR	0.999876376	0.000123624	2.55582E-49
VK	VK306	RR	RR	RR	0.992160201	0.007839799	8.59763E-27
VK	VK308	RR	RR	RR	0.99950332	0.00049668	8.04852E-40
VK	VK329	RR	RR	RR	0.998030657	0.001969343	3.88626E-32
VK	VK328	RR	RR	RR	0.992161932	0.007838068	7.36352E-26
VK	VK330	RR	RR	RR	0.984551837	0.015448163	1.97364E-21
VK	VK6	RR	RR	RR	0.998047667	0.001952333	3.87771E-37
VK	VK33	RR	RR	RR	0.941132337	0.058867663	8.86547E-17
VK	VK527	RR	RR	RR	0.984463364	0.015536636	5.08611E-22
VK	VK65	RR	RR	RR	0.9405868	0.0594132	3.6314E-15
VK	VK555	RR	RR	RR	0.666241225	0.333333333	0.000425441
VK	VK477	RR	RR	RR	0.984418472	0.015581528	5.64378E-22
VK	VK469	RR	RR	RR	0.799419369	0.20058026	3.71074E-07
VK	VK393	RR	RR	RR	0.998047165	0.001952835	2.95399E-36
VK	VK394	RR	RR	RR	0.940799581	0.059200419	1.0933E-14
VK	VK395	RR	RR	RR	0.992170452	0.007829548	2.70845E-26
VK	VK397	RR	RR	RR	0.996076007	0.003923993	5.73853E-32
VK	VK398	RR	RR	RR	0.996102594	0.003897406	1.76386E-32
VK	VK399	RR	RR	RR	0.999508313	0.000491687	3.15969E-41
VK	VK40	RR	RR	RR	0.999021937	0.000978063	1.9793E-40
VK	VK508	RR	RR	RR	0.996008124	0.003991876	1.28254E-27
VK	VK400	RR	RR	RR	0.984579225	0.015420775	1.29395E-22
VK	VK405	RR	RR	RR	0.999507746	0.000492254	4.69924E-42
VK	VK406	RR	RR	RR	0.969671991	0.030328009	4.8264E-21
VK	VK414	RR	RR	RR	0.999752871	0.000247129	1.26091E-43
VK	VK415	RR	RR	RR	0.888464374	0.111535626	1.63817E-11
VK	VK417	RR	RR	RR	0.999010345	0.000989655	1.08758E-37
VK	VK418	RD	RR	RR	1.77732E-07	0.999999283	5.39363E-07
VK	VK390	RR	RR	RR	0.999507874	0.000492126	4.69347E-41
VK	VK39	RR	RR	RR	0.799889363	0.20011061	2.69889E-08
VK	VK388	RR	RR	RR	0.888377894	0.111622104	2.05335E-09
VK	VK358	RR	RR	RR	0.984459071	0.015540929	1.67977E-21
VK	VK361	RR	RR	RR	0.992218104	0.007781896	1.89684E-28
VK	VK362	RR	RR	RR	0.666035951	0.333333333	0.000630716
VK	VK402	RR	RR	RR	0.998031773	0.001968227	5.58601E-34
VK	VK507	RR	RR	RR	0.799095973	0.20090379	2.36542E-07
VK	VK505	RR	RR	RR	0.99804098	0.00195902	1.38848E-33
VK	VK553	RR	RR	RR	0.998019977	0.001980023	6.81418E-31