Assigned	Sample	No_filter	Permissive_filter	Strict_filter	pRR_Data_n	pRD_Data_n	pDD_Data_n
BOTAI	RISE683	RD	RR	RR	3.56709E-05	0.999964329	2.81725E-26
BOTAI	DA355	RR	RR	RR	0.887985471	0.112014529	2.24357E-11
BOTAI	RISE685	RR	RR	RR	0.984546827	0.015453173	1.79891E-23
BOTAI	DA337	RR	RR	RR	0.999752107	0.000247893	5.19473E-45
BOTAI	RISE684	RR	RR	RR	0.940551165	0.059448835	2.54804E-12
BOTAI	DA340	RR	RR	RR	0.799382338	0.200617501	1.60906E-07
BOTAI	DA343	RR	RR	RR	0.969154308	0.030845692	2.25629E-16
BOTAI	DA246	RR	RR	RR	0.999992313	7.68723E-06	1.03368E-68
BOTAI	DA345	RR	RR	RR	0.94083334	0.05916666	7.19224E-15
BOTAI	DA353	RR	RR	RR	0.799858036	0.200141929	3.52633E-08
BOTAI	DA341	RR	RR	RR	0.999510826	0.000489174	3.67698E-44
BOTAI	DA245	RR	RR	RR	0.999877102	0.000122898	3.24855E-52
BOTAI	RISE680	RR	RR	RR	0.996104789	0.003895211	2.6238E-33
BOTAI	MA2210	RR	RR	RR	0.984491515	0.015508485	8.33433E-22
BOTAI	MA2212	RR	RR	RR	0.992238196	0.007761804	1.05686E-28
BOTAI	MA2213	RR	RR	RR	0.969399608	0.030600392	1.12233E-17
BOTAI	RISE515	RR	RR	RR	0.888830178	0.111169822	1.21285E-12
BOTAI	RISE516	RR	RR	RR	0.969676394	0.030323606	3.69412E-21
BOTAI	RISE662	RR	RR	RR	0.94079418	0.05920582	1.75488E-14
BOTAI	RISE664	RR	RR	RR	0.999999879	1.20822E-07	6.35319E-90
BOTAI	RISE674	RR	RR	RR	0.999999757	2.42787E-07	1.76308E-85
BOTAI	DA253	RR	RR	RR	0.999999033	9.66589E-07	1.3932E-76
BOTAI	Yamnaya	RD	RD	RD	7.4729E-240	1	8.4418E-254
BOTAI	DA336	RR	RR	RR	0.88871669	0.11128331	4.06418E-12
BOTAI	MA2200	RR	RR	RR	0.999969381	3.0619E-05	1.49327E-59
BOTAI	RISE719	RR	RR	RR	0.9845731	0.0154269	7.83882E-24
BOTAI	DA252	RR	RR	RR	0.999992238	7.76207E-06	5.26849E-65
BOTAI	DA356	RR	RR	RR	0.941051991	0.058948009	2.90118E-16
BOTAI	MA2205	RR	RR	RR	0.969676394	0.030323606	3.69412E-21
BOTAI	BOT14	RR	RR	RR	0.999996127	3.87331E-06	3.0179E-104
BOTAI	BOT15	RR	RR	RR	0.941074407	0.058925593	4.05379E-24
BOTAI	DA334	RR	RR	RR	0.799911139	0.200088835	2.60077E-08
BOTAI	DA381	RR	RR	RR	0.88866417	0.11133583	1.30273E-11
BOTAI	EBA1	RR	RR	RR	0.99999976	2.40134E-07	2.5017E-134
BOTAI	EBA2	RR	RR	RR	1	2.33065E-10	1.4608E-210
BOTAI	RISE667	RR	RR	RR	0.662020906	0.333333333	0.004645761
BOTAI	MA2203	RR	RR	RR	0.992225684	0.007774316	7.6034E-27
BOTAI	BOT2016	RR	RR	RR	1	6.49181E-15	0
BOTAI	DA358	RD	RR	RR	0.013248388	0.986751612	9.62033E-26
BOTAI	DA359	RR	RR	RR	0.799868316	0.200131652	3.2548E-08
BOTAI	DA360	RR	RR	RR	0.888794692	0.111205308	2.60661E-12
BOTAI	DA247	RR	RR	RR	0.999984478	1.55216E-05	1.60495E-60
BOTAI	DA361	RR	RR	RR	0.992176162	0.007823838	1.71533E-27
BOTAI	DA362	RR	RR	RR	0.969663577	0.030336423	3.41706E-20
BOTAI	DA249	RR	RR	RR	1	4.67273E-10	2.0466E-128
BOTAI	DA250	RR	RR	RR	0.999511134	0.000488866	2.29059E-45
BOTAI	RISE677	RR	RR	RR	0.666340987	0.333333333	0.00032568
NEO	NEO302	RR	RR	RR	0.999999039	9.61388E-07	2.4115E-85
NEO	NEO300	RD	RD	RR	9.49693E-12	1	5.12823E-24
NEO	NEO283	RR	RR	RR	0.992097269	0.007902731	1.36296E-25
NEO	NEO310	RR	RR	RR	0.999969235	3.07646E-05	2.64364E-61
NEO	NEO503	RR	RR	RR	0.88879408	0.11120592	5.65261E-13
NEO	NEO502	RR	RR	RR	0.999875098	0.000124902	7.41064E-49
NEO	NEO170	RR	RR	RR	0.79991756	0.20008243	1.03527E-08
NEO	NEO51	RR	RR	RR	0.799502547	0.200496091	1.36214E-06
NEO	NEO187	RR	RR	RR	0.79991756	0.20008243	1.03527E-08
NEO	NEO590	RD	RD	RR	0.000211678	0.999788218	1.0346E-07
NEO	NEO260	RR	RR	RR	1	2.43854E-10	3.2452E-124
NEO	NEO304	RR	RR	RR	0.941145012	0.058854988	8.54064E-18
NEO	NEO163	RR	RR	RR	0.888835386	0.111164614	3.04609E-13
NEO	NEO498	RR	RR	RR	0.999992237	7.76272E-06	1.11124E-66
NEO	NEO305	RR	RR	RR	0.999992356	7.64443E-06	7.77411E-75
NEO	NEO816	RR	RR	RR	0.940802588	0.059197412	1.259E-14
NEO	NEO29	RR	RR	RR	0.940917279	0.059082721	1.59542E-16
NEO	NEO521	RR	RR	RR	0.664832646	0.333333333	0.001834021
NEO	NEO52	RR	RR	RR	0.798060824	0.201938919	2.56151E-07
NEO	NEO516	RR	RR	RR	0.888647713	0.111352287	1.48888E-12
NEO	NEO261	RR	RR	RR	0.999006978	0.000993022	2.8083E-39
NEO	NEO194	RR	RR	RR	0.992217949	0.007782051	5.27943E-28
NEO	NEO561	RR	RR	RR	0.999508161	0.000491839	9.69272E-46
NEO	NEO306	RR	RR	RR	0.999999758	2.41861E-07	6.54563E-92
NEO	NEO560	RR	RR	RR	0.992178504	0.007821496	1.04426E-26
NEO	NEO558	RR	RR	RR	0.992220132	0.007779868	4.38886E-29
NEO	NEO557	RR	RR	RR	0.94108139	0.05891861	2.86208E-17
NEO	NEO556	RR	RR	RR	0.99607839	0.00392161	4.00765E-33
NEO	NEO160	RR	RR	RR	0.941137949	0.058862051	1.07698E-17
NEO	NEO555	RR	RR	RR	0.99999805	1.94982E-06	8.85698E-74
NEO	NEO509	RR	RR	RR	0.999007722	0.000992278	5.47248E-38
NEO	NEO559	RR	RR	RR	0.998049319	0.001950681	1.1791E-40
NEO	NEO193	RR	RR	RR	0.940983575	0.059016425	4.47198E-16
NEO	NEO212	RR	RR	RR	0.999992277	7.72318E-06	1.52388E-71
NEO	NEO186	RR	RR	RR	0.799862269	0.200137713	1.76722E-08
NEO	NEO309	RD	RD	RD	7.05293E-27	1	6.4988E-14
NEO	NEO570	RR	RR	RR	0.999728372	0.000271628	6.79284E-70
NEO	NEO878	RD	RD	RD	0.101257358	0.89874263	1.24854E-08
NEO	NEO812	RR	RR	RR	1	2.63556E-10	1.0528E-143
NEO	NEO943	RR	RR	RR	0.995629206	0.004370794	8.88346E-50
NEO	NEO27	RD	RR	RR	4.29806E-09	0.999999996	1.13462E-66
NEO	NEO946	RD	RD	RD	3.67093E-15	1	4.37713E-11
NEO	NEO122	RR	RR	RR	0.992126128	0.007873872	3.0725E-26
NEO	NEO528	RR	RR	RR	0.666340987	0.333333333	0.00032568
NEO	NEO202	RR	RR	RR	0.999877768	0.000122232	2.15188E-57
NEO	NEO178	RR	RR	RR	0.799480734	0.200519197	6.81804E-08
NEO	NEO121	RR	RR	RR	0.998017941	0.001982059	2.68279E-35
NEO	NEO123	RR	RR	RR	0.79991756	0.20008243	1.03527E-08
NEO	NEO142	RR	RR	RR	0.941129435	0.058870565	1.3457E-17
NEO	NEO19	RR	RR	RR	0.999877734	0.000122266	6.77297E-54
NEO	NEO174	RR	RR	RR	0.999875777	0.000124223	5.07377E-51
NEO	NEO115	RR	RR	RR	0.99993858	6.142E-05	1.23431E-55
NEO	NEO226	RR	RR	RR	0.799626322	0.200372958	7.20413E-07
NEO	NEO173	RR	RR	RR	0.940684923	0.059315077	6.1736E-13
NEO	NEO171	RR	RR	RR	0.666283415	0.333333333	0.000383252
NEO	NEO225	RR	RR	RR	0.999999939	6.12468E-08	2.42329E-96
NEO	NEO197	RR	RR	RR	0.969373332	0.030626668	1.82847E-19
NEO	NEO228	RR	RR	RR	0.799822338	0.200177639	2.29583E-08
NEO	NEO25	RR	RR	RR	0.799913333	0.200086646	2.06578E-08
NEO	NEO200	RR	RR	RR	0.992235654	0.007764346	1.43088E-28
NEO	NEO166	RR	RR	RR	0.99993782	6.21803E-05	1.39386E-56
NEO	NEO18	RR	RR	RR	0.999996096	3.90371E-06	1.90802E-70
NEO	NEO180	RD	RR	RR	0.000104736	0.991066398	0.008828866
NEO	NEO184	RR	RR	RR	0.94099379	0.05900621	5.62684E-17
NEO	NEO185	RR	RR	RR	0.996006496	0.003993504	3.21304E-28
NEO	NEO116	RR	RR	RR	1	3.98865E-15	2.6481E-170
NEO	NEO853	RD	RR	RR	0.013080331	0.986919669	7.79504E-25
NEO	NEO538	RR	RR	RR	0.872446905	0.127553095	2.67235E-64
NEO	NEO891	RR	RR	RR	0.969679494	0.030320506	2.33011E-22
NEO	NEO83	RR	RR	RR	0.998010806	0.001989194	1.39803E-32
NEO	NEO589	RR	RR	RR	1	1.17637E-10	6.0437E-141
NEO	NEO791	RR	RR	RR	0.999984606	1.53937E-05	2.5534E-64
NEO	NEO80	RR	RR	RR	0.940744265	0.059255735	3.07501E-14
NEO	NEO806	RR	RR	RR	0.998031364	0.001968636	2.50534E-34
NEO	NEO876	RR	RR	RR	0.666191664	0.333333333	0.000475003
NEO	NEO813	RR	RR	RR	1	6.06299E-11	6.7451E-127
NEO	NEO819	RR	RR	RR	0.798054062	0.201945294	6.43493E-07
NEO	NEO814	RR	RR	RR	0.79991756	0.20008243	1.03527E-08
NEO	NEO79	RR	RR	RR	0.888123419	0.11187658	5.49415E-10
NEO	NEO88	RR	RR	RR	0.999754034	0.000245966	1.081E-46
NEO	NEO925	RR	RR	RR	0.969403368	0.030596632	5.0287E-18
NEO	NEO93	RR	RR	RR	0.999938475	6.15253E-05	5.13511E-59
NEO	NEO932	RR	RR	RR	0.99999952	4.80396E-07	5.03611E-86
NEO	NEO87	RR	RR	RR	0.666340987	0.333333333	0.00032568
NEO	NEO933	RR	RR	RR	0.888717943	0.111282057	2.56423E-12
NEO	NEO938	RR	RR	RR	0.969392009	0.030607991	1.02192E-18
NEO	NEO941	RR	RR	RR	0.660687593	0.333333333	0.005979073
NEO	NEO942	RR	RR	RR	0.969649701	0.030350299	4.99519E-21
NEO	NEO945	RR	RR	RR	0.998034001	0.001965999	3.20525E-35
NEO	NEO951	RR	RR	RR	0.94077923	0.05922077	7.73601E-16
NEO	NEO92	RR	RR	RR	0.98452107	0.01547893	2.64465E-24
NEO	NEO843	RR	RR	RR	0.9980443	0.0019557	6.2426E-36
NEO	NEO898	RR	RR	RR	0.999999999	1.08381E-09	1.5452E-183
NEO	NEO910	RR	RR	RR	0.666340987	0.333333333	0.00032568
NEO	NEO38	RR	RR	RR	0.666153649	0.333333333	0.000513018
NEO	NEO23	RR	RR	RR	0.999998083	1.9172E-06	1.42997E-78
NEO	NEO281	RR	RR	RR	0.999984697	1.53032E-05	1.4226E-67
NEO	NEO36	RR	RR	RR	0.99886448	0.00113552	3.21101E-90
NEO	NEO646	RR	RR	RR	0.999021874	0.000978126	2.46113E-40
NEO	NEO935	RR	RR	RR	1	2.29723E-13	1.0746E-182
NEO	NEO911	RR	RR	RR	0.999999993	7.48745E-09	1.1836E-115
NEO	NEO70	RR	RR	RR	0.999999879	1.21067E-07	1.49523E-92
NEO	NEO917	RR	RR	RR	0.99943018	0.00056982	2.9738E-100
NEO	NEO912	RR	RR	RR	0.998049241	0.001950759	2.96213E-40
NEO	NEO870	RR	RR	RR	0.984355038	0.015644962	1.90721E-23
NEO	NEO855	RD	RD	RR	0.0016625	0.9983375	4.06139E-14
NEO	NEO624	RR	RR	RR	0.99999232	7.67956E-06	1.27882E-67
NEO	NEO632	RR	RR	RR	0.999755259	0.000244741	5.79704E-51
NEO	NEO641	RR	RR	RR	0.888557744	0.111442256	1.26635E-11
NEO	NEO649	RR	RR	RR	0.797716284	0.202283414	3.01761E-07
NEO	NEO65	RR	RR	RR	0.999008771	0.000991229	7.83018E-39
NEO	NEO657	RR	RR	RR	0.888830178	0.111169822	1.21285E-12
NEO	NEO631	RD	RR	RR	0.176490364	0.823509636	5.059E-38
NEO	NEO630	RR	RR	RR	0.887447085	0.112552914	2.23477E-10
NEO	NEO63	RR	RR	RR	0.665077473	0.333333333	0.001589193
NEO	NEO597	RR	RR	RR	0.664832646	0.333333333	0.001834021
NEO	NEO598	RR	RR	RR	0.941100902	0.058899098	9.88971E-16
NEO	NEO609	RR	RR	RR	0.666340987	0.333333333	0.00032568
NEO	NEO658	RR	RR	RR	0.888673582	0.111326418	3.75923E-11
NEO	NEO625	RR	RR	RR	0.969677542	0.030322458	1.16805E-21
NEO	NEO78	RR	RR	RR	0.998997562	0.001002438	4.36098E-33
NEO	NEO62	RR	RR	RR	0.999501365	0.000498635	3.21496E-45
NEO	NEO73	RR	RR	RR	0.996059716	0.003940284	2.61576E-29
NEO	NEO721	RR	RR	RR	0.666340987	0.333333333	0.00032568
NEO	NEO702	RR	RR	RR	0.664526485	0.333333333	0.002140182
NEO	NEO694	RR	RR	RR	0.88883143	0.11116857	7.65231E-13
NEO	NEO752	RR	RR	RR	0.999984655	1.5345E-05	8.90088E-66
NEO	NEO683	RD	RR	RR	0.026380721	0.973619279	1.17699E-37
NEO	NEO759	RR	RR	RR	0.999992132	7.8678E-06	6.97607E-67
NEO	NEO749	RR	RR	RR	0.999016921	0.000983079	9.01608E-38
NEO	NEO737	RR	RR	RR	0.940998535	0.059001465	1.21417E-15
NEO	NEO739	RR	RR	RR	0.999015076	0.000984924	2.9025E-42
NEO	NEO738	RR	RR	RR	0.992237356	0.007762644	4.86222E-30
NEO	NEO866	RR	RR	RR	0.999510322	0.000489678	2.08202E-46
NEO	NEO751	RR	RR	RR	0.888122908	0.111877092	1.17671E-10
RISE	RISE499	RR	RR	RR	0.96960632	0.03039368	6.59518E-20
RISE	RISE497	RR	RR	RR	1	2.91816E-14	6.4766E-176
RISE	RISE496	RR	RR	RR	0.999008976	0.000991024	2.84843E-37
RISE	RISE495	RR	RR	RR	0.999999939	6.08853E-08	1.26907E-92
RISE	RISE493	RR	RR	RR	1	8.1486E-11	1.9652E-215
RISE	RISE487	RR	RR	RR	0.941038763	0.058961237	2.1645E-15
RISE	RISE503	RR	RR	RR	0.642632597	0.357367403	3.15897E-22
RISE	RISE392	RR	RR	RR	0.94110134	0.05889866	4.7606E-16
RISE	RISE150	RR	RR	RR	0.998045149	0.001954851	2.29655E-37
RISE	RISE109	RR	RR	RR	0.664832646	0.333333333	0.001834021
RISE	RISE486	RR	RR	RR	0.799913333	0.200086646	2.06578E-08
RISE	RISE500	RR	RR	RR	0.99998459	1.54098E-05	3.47193E-63
RISE	RISE489	RR	RR	RR	0.940754196	0.059245804	3.70272E-14
RISE	RISE395	RR	RR	RR	0.999996158	3.84194E-06	3.43833E-74
RISE	RISE502	RR	RR	RR	0.999877523	0.000122477	5.67786E-53
RISE	RISE505	RR	RR	RR	1	3.62046E-18	1.0089E-224
RISE	RISE511	RR	RR	RR	1	2.38906E-10	1.1647E-125
RISE	RISE504	RR	RR	RR	0.996063089	0.003936911	2.44757E-31
RISE	RISE479	RR	RR	RR	0.992196502	0.007803498	2.61348E-28
RISE	RISE98	RR	RR	RR	1	1.8659E-12	4.461E-156
RISE	RISE602	RR	RR	RR	0.797716284	0.202283414	3.01761E-07
RISE	RISE600	RR	RR	RR	0.940918363	0.059081637	1.00658E-16
RISE	RISE569	RD	RD	RD	5.92932E-12	0.999996475	3.52541E-06
RISE	RISE94	RR	RR	RR	0.941100905	0.058899095	2.08446E-16
RISE	RISE523	RR	RR	RR	0.999992095	7.90505E-06	4.52231E-62
RISE	RISE509	RD	RD	RR	1.3607E-14	1	7.48741E-67
RISE	RISE00	RR	RR	RR	0.94025385	0.05974615	1.54209E-12
RISE	RISE563	RR	RR	RR	0.799550303	0.200449581	1.16543E-07
RISE	RISE559	RD	RR	RR	0.000837445	0.99916221	3.44737E-07
RISE	RISE552	RR	RR	RR	0.999505099	0.000494901	8.3208E-43
RISE	RISE577	RR	RR	RR	0.996100207	0.003899793	2.4832E-32
VK	VK540	RR	RR	RR	0.940755001	0.059244999	9.00847E-15
VK	VK549	RR	RR	RR	0.984602765	0.015397235	4.97963E-25
VK	VK547	RR	RR	RR	0.999999939	6.10718E-08	4.5848E-91
VK	VK544	RR	RR	RR	0.999877399	0.000122601	2.1229E-50
VK	VK543	RR	RR	RR	0.992227464	0.007772536	9.25013E-28
VK	VK542	RR	RR	RR	0.992236236	0.007763764	1.93653E-28
VK	VK541	RR	RR	RR	0.999999518	4.81512E-07	2.61555E-84
VK	VK539	RR	RR	RR	0.999017019	0.000982981	5.65422E-41
VK	VK50	RR	RR	RR	1	2.35847E-13	9.0512E-160
VK	VK98	RR	RR	RR	0.999999026	9.73978E-07	4.72957E-71
VK	VK92	RR	RR	RR	0.940223162	0.059776838	2.06433E-13
VK	VK90	RR	RR	RR	0.888822282	0.111177718	3.04725E-12
VK	VK87	RR	RR	RR	0.999999757	2.42556E-07	5.6157E-85
VK	VK537	RR	RR	RR	0.999877699	0.000122301	1.56835E-54
VK	VK487	RR	RR	RR	0.999938472	6.15279E-05	6.66776E-53
VK	VK498	RR	RR	RR	0.992241863	0.007758137	1.05535E-29
VK	VK260	RR	RR	RR	0.996103619	0.003896381	1.30102E-32
VK	VK538	RR	RR	RR	0.941140632	0.058859368	6.78565E-17
VK	VK550	RR	RR	RR	0.999502403	0.000497597	6.49353E-37
VK	VK533	RD	RD	RD	1.63498E-58	1	1.44945E-22
VK	VK555	RR	RR	RR	0.99610275	0.00389725	1.89795E-32
VK	VK287	RR	RR	RR	0.666340987	0.333333333	0.00032568
VK	VK301	RD	RD	RD	0.000209112	0.991520042	0.008270846
VK	VK342	RD	RD	RR	0.008413647	0.991586353	1.12577E-18
VK	VK306	RR	RR	RR	0.940337131	0.059662869	2.88828E-14
VK	VK168	RR	RR	RR	0.992229741	0.007770259	1.47359E-27
VK	VK17	RD	RD	RD	0.000416699	0.999426722	0.00015658
VK	VK171	RR	RR	RR	0.666340987	0.333333333	0.00032568
VK	VK172	RR	RR	RR	0.999023052	0.000976948	2.48731E-41
VK	VK173	RR	RR	RR	0.99975135	0.00024865	3.07992E-43
VK	VK174	RR	RR	RR	0.996091746	0.003908254	3.90037E-30
VK	VK176	RD	RR	RR	0.211443189	0.788556811	1.21023E-33
VK	VK177	RR	RR	RR	0.940778523	0.059221477	1.22612E-15
VK	VK178	RR	RR	RR	0.984582153	0.015417847	8.71103E-24
VK	VK179	RR	RR	RR	0.99987672	0.00012328	3.46393E-52
VK	VK18	RR	RR	RR	0.941052694	0.058947306	1.83045E-16
VK	VK303	RR	RR	RR	0.999992295	7.70538E-06	1.39349E-63
VK	VK184	RR	RR	RR	0.969384703	0.030615297	7.87073E-20
VK	VK187	RR	RR	RR	0.888715337	0.111284663	5.1167E-12
VK	VK190	RR	RR	RR	1	5.88286E-11	4.4727E-137
VK	VK355	RR	RR	RR	0.999510211	0.000489789	1.20097E-41
VK	VK1	RR	RR	RR	1	1.73998E-21	2.8972E-276
VK	VK357	RR	RR	RR	0.999877603	0.000122397	2.48224E-51
VK	VK504	RR	RR	RR	0.941098941	0.058901059	2.00988E-15
VK	VK505	RR	RR	RR	0.98454302	0.01545698	2.2311E-21
VK	VK506	RR	RR	RR	0.992073412	0.007926588	7.04818E-24
VK	VK245	RR	RR	RR	0.940821752	0.059178248	8.67421E-16
VK	VK507	RR	RR	RR	0.969632825	0.030367175	1.3804E-19
VK	VK242	RR	RR	RR	0.888733752	0.111266248	3.6355E-12
VK	VK241	RR	RR	RR	0.996085376	0.003914624	2.55524E-32
VK	VK295	RR	RR	RR	0.888787108	0.111212892	1.12185E-11
VK	VK296	RR	RR	RR	0.665077473	0.333333333	0.001589193
VK	VK289	RR	RR	RR	0.992190921	0.007809079	2.78399E-26
VK	VK256	RR	RR	RR	0.999020989	0.000979011	1.00341E-39
VK	VK254	RR	RR	RR	0.888787108	0.111212892	1.12185E-11
VK	VK25	RR	RR	RR	0.999754824	0.000245176	7.01651E-47
VK	VK262	RR	RR	RR	0.999022247	0.000977753	5.30957E-40
VK	VK263	RR	RR	RR	0.996077604	0.003922396	3.8056E-30
VK	VK264	RD	RR	RR	0.006690305	0.993309695	4.01015E-21
VK	VK265	RR	RR	RR	0.996074231	0.003925769	2.36068E-29
VK	VK266	RR	RR	RR	0.886478137	0.113521852	1.09081E-08
VK	VK27	RR	RR	RR	0.888830178	0.111169822	1.21285E-12
VK	VK273	RR	RR	RR	0.96962934	0.03037066	1.57948E-20
VK	VK274	RR	RR	RR	0.999754476	0.000245524	2.16198E-47
VK	VK281	RR	RR	RR	0.997706369	0.002293631	1.48346E-79
VK	VK282	RR	RR	RR	0.799885609	0.200114363	2.79805E-08
VK	VK284	RR	RR	RR	0.992241863	0.007758137	1.05535E-29
VK	VK30	RR	RR	RR	0.984600761	0.015399239	9.9396E-25
VK	VK285	RR	RR	RR	0.941074169	0.058925831	1.98839E-15
VK	VK259	RR	RR	RR	0.96933464	0.03066536	9.1582E-20
VK	VK258	RR	RR	RR	0.99987747	0.00012253	2.39674E-52
VK	VK257	RR	RR	RR	0.888585815	0.111414184	4.43615E-10
VK	VK230	RR	RR	RR	0.999754973	0.000245027	2.90372E-48
VK	VK234	RR	RR	RR	0.969634794	0.030365206	3.56065E-18
VK	VK238	RD	RR	RR	0.119562921	0.880437079	2.67436E-35
VK	VK288	RR	RR	RR	0.799913333	0.200086646	2.06578E-08
VK	VK291	RR	RR	RR	0.992126394	0.007873606	1.24634E-24
VK	VK508	RR	RR	RR	0.999968999	3.10014E-05	1.44873E-58
VK	VK51	RR	RR	RR	0.940376576	0.059623424	2.49496E-15
VK	VK370	RD	RD	RD	1.3048E-06	0.999998695	4.98525E-16
VK	VK495	RD	RD	RD	2.19341E-17	0.999999644	3.55944E-07
VK	VK510	RD	RD	RD	6.57073E-18	1	1.13601E-15
VK	VK147	RD	RD	RD	2.09659E-14	1	4.3047E-14
VK	VK146	RD	RD	RD	4.18809E-06	0.999576663	0.000419149
VK	VK317	RD	RD	RD	3.84636E-14	0.998314767	0.001685233
VK	VK175	RD	RD	RD	6.67564E-07	0.999987818	1.15141E-05
VK	VK334	RR	RD	RD	0.50188153	0.49811847	1.37612E-24
VK	VK102	RR	RR	RR	0.999999865	1.35396E-07	2.4717E-104
VK	VK279	RD	RD	RD	4.92855E-09	0.999999995	1.04759E-17
VK	VK344	RD	RD	RD	6.24113E-07	0.999983088	1.62878E-05
VK	VK526	RD	RD	RD	8.76199E-23	1	2.05584E-17
VK	VK408	DD	RD	RD	3.38039E-07	0.200820638	0.799179024
VK	VK298	DD	RD	RD	5.78352E-16	0.059062962	0.940937038
VK	VK348	RD	RD	RD	8.3924E-23	0.993289057	0.006710943
VK	VK84	RD	RD	RR	0.000476289	0.999523711	3.22978E-20
VK	VK521	RD	RD	RD	7.70269E-42	1	1.34785E-36
VK	VK349	RD	RD	RD	2.34219E-05	0.999976578	1.29127E-22
VK	VK221	RD	RD	RD	7.72376E-23	1	7.43492E-26
VK	VK70	RD	RD	RD	2.65612E-62	1	3.5248E-66
VK	VK308	RD	RD	RD	3.67851E-09	0.999999996	9.41348E-12
VK	VK128	RD	RD	RD	2.50385E-13	1	4.17455E-12
VK	VK151	RD	RD	RD	3.38353E-26	1	5.44132E-19
VK	VK551	RD	RD	RD	1.71194E-18	1	3.90948E-27
VK	VK468	RD	RD	RD	6.69027E-29	1	1.85044E-12
VK	VK548	RD	RD	RD	9.6391E-43	1	8.72446E-24
VK	VK509	RR	RR	RR	0.996086937	0.003913063	3.03987E-31
VK	VK166	RR	RR	RR	0.999999998	1.87335E-09	4.249E-117
VK	VK122	RR	RR	RR	0.999984702	1.52977E-05	1.07255E-66
VK	VK165	RR	RR	RR	0.999022989	0.000977011	7.30796E-42
VK	VK220	RR	RR	RR	0.992184565	0.007815435	1.2347E-25
VK	VK183	RR	RR	RR	0.888184485	0.111815515	2.19079E-11
VK	VK219	RR	RR	RR	0.999009722	0.000990278	4.41677E-39
VK	VK316	RD	RD	RR	1.41199E-07	0.999999446	4.12887E-07
VK	VK134	RD	RR	RR	0.00084415	0.99915585	2.18003E-11
VK	VK139	RR	RR	RR	0.888830178	0.111169822	1.21285E-12
VK	VK141	RR	RR	RR	0.999876391	0.000123609	2.5873E-51
VK	VK143	RR	RR	RR	0.984576901	0.015423099	6.06689E-23
VK	VK15	RR	RR	RR	0.992238202	0.007761798	1.32164E-28
VK	VK150	RR	RR	RR	0.98460235	0.01539765	7.89283E-25
VK	VK154	RR	RR	RR	0.999998071	1.92866E-06	2.2599E-72
VK	VK156	RR	RR	RR	0.98445252	0.01554748	2.04416E-20
VK	VK157	RR	RR	RR	0.984406523	0.015593477	2.39838E-21
VK	VK160	RR	RR	RR	0.999754766	0.000245234	3.48984E-45
VK	VK314	RR	RR	RR	0.664832646	0.333333333	0.001834021
VK	VK101	RR	RR	RR	0.999502594	0.000497406	4.93504E-42
VK	VK207	RR	RR	RR	0.888817578	0.111182422	1.52941E-12
VK	VK205	RR	RR	RR	0.999019377	0.000980623	4.09877E-38
VK	VK203	RR	RR	RR	0.998041085	0.001958915	3.27338E-35
VK	VK202	RD	RD	RD	3.56094E-07	0.999999644	4.03103E-18
VK	VK201	RR	RR	RR	0.984603977	0.015396023	1.98196E-25
VK	VK204	RR	RR	RR	0.9845731	0.0154269	7.83882E-24
VK	VK354	RR	RR	RR	0.888442032	0.111557968	1.33787E-10
VK	VK129	RR	RR	RR	0.99999994	6.02957E-08	1.41043E-93
VK	VK118	RR	RR	RR	1	1.86909E-12	1.1976E-154
VK	VK320	RR	RR	RR	0.99803903	0.00196097	9.45616E-35
VK	VK322	RR	RR	RR	0.984590117	0.015409883	5.80573E-23
VK	VK352	RD	RR	RR	0.000834456	0.999165543	5.34438E-10
VK	VK491	RR	RR	RR	0.999753487	0.000246513	2.68881E-44
VK	VK492	RR	RR	RR	0.999020579	0.000979421	5.17985E-41
VK	VK494	RR	RR	RR	0.799537355	0.200462353	2.92808E-07
VK	VK553	RR	RR	RR	0.992240472	0.007759528	2.1855E-29
VK	VK389	RR	RR	RR	0.999511099	0.000488901	1.39489E-45
VK	VK392	RR	RR	RR	0.969628099	0.030371901	1.07903E-18
VK	VK373	RR	RR	RR	0.992239035	0.007760965	8.39217E-29
VK	VK384	RR	RR	RR	0.996104131	0.003895869	5.15517E-33
VK	VK386	RR	RR	RR	0.984536332	0.015463668	3.4865E-23
VK	VK448	RR	RR	RR	0.984603977	0.015396023	1.98196E-25
VK	VK446	RR	RR	RR	0.996105621	0.003894379	5.598E-34
VK	VK444	RR	RR	RR	0.888830178	0.111169822	1.21285E-12
VK	VK443	RR	RR	RR	0.992241757	0.007758243	1.32866E-29
VK	VK442	RR	RR	RR	0.98459794	0.01540206	2.4981E-24
VK	VK44	RR	RR	RR	0.941133569	0.058866431	8.55676E-17
VK	VK445	RR	RR	RR	0.941038864	0.058961136	3.18774E-15
VK	VK438	RR	RR	RR	0.887987585	0.112012415	1.96959E-10
VK	VK455	RR	RR	RR	0.999511192	0.000488808	2.42467E-45
VK	VK46	RR	RR	RR	0.999999985	1.49821E-08	1.8767E-105
VK	VK458	RR	RR	RR	0.888822282	0.111177718	3.04725E-12
VK	VK457	RR	RR	RR	0.664136622	0.333333333	0.002530044
VK	VK456	RD	RD	RD	2.65041E-19	1	5.37161E-13
VK	VK425	RR	RR	RR	0.666153649	0.333333333	0.000513018
VK	VK426	RR	RR	RR	0.939992071	0.060007929	4.56293E-13
VK	VK428	RR	RR	RR	0.664832646	0.333333333	0.001834021
VK	VK489	RR	RR	RR	0.99804874	0.00195126	3.48785E-38
VK	VK429	RR	RR	RR	0.999969224	3.07762E-05	4.20164E-56
VK	VK488	RR	RR	RR	0.984492579	0.015507421	7.33013E-22
VK	VK534	RR	RR	RR	0.9922263	0.0077737	3.02625E-27
VK	VK56	RR	RR	RR	0.984578656	0.015421344	2.62378E-24
VK	VK58	RR	RR	RR	0.999999992	7.66593E-09	1.2887E-106
VK	VK6	RR	RR	RR	0.99999997	3.004E-08	2.91493E-98
VK	VK497	RR	RR	RR	0.999968716	3.12844E-05	1.06137E-57
VK	VK65	RR	RR	RR	0.99221868	0.00778132	4.41774E-26
VK	VK496	RR	RR	RR	0.999968815	3.11851E-05	2.43266E-54
VK	VK493	RR	RR	RR	0.999968646	3.13543E-05	2.90175E-54
VK	VK518	RR	RR	RR	0.799877453	0.200122517	3.01348E-08
VK	VK522	RR	RR	RR	1	2.37588E-10	1.228E-125
VK	VK523	RR	RR	RR	0.88785075	0.11214925	2.58205E-11
VK	VK524	RR	RR	RR	0.992105778	0.007894222	1.28682E-23
VK	VK525	RR	RR	RR	0.996094055	0.003905945	7.41919E-31
VK	VK527	RR	RR	RR	0.969210864	0.030789136	3.09474E-17
VK	VK528	RD	RD	RD	2.39194E-10	1	1.08805E-26
VK	VK532	RR	RR	RR	0.997700224	0.002299776	4.14354E-79
VK	VK473	RR	RR	RR	0.999753344	0.000246656	7.64657E-48
VK	VK474	RR	RR	RR	0.998044305	0.001955695	1.8596E-35
VK	VK477	RR	RR	RR	0.984602765	0.015397235	4.97963E-25
VK	VK48	RR	RR	RR	0.969609688	0.030390312	2.08487E-20
VK	VK480	RR	RR	RR	0.941035405	0.058964595	3.31706E-16
VK	VK481	RR	RR	RR	0.999877642	0.000122358	1.99304E-52
VK	VK482	RR	RR	RR	0.998048726	0.001951274	9.37451E-38
VK	VK483	RR	RR	RR	0.999937823	6.21774E-05	5.20083E-53
VK	VK484	RD	RD	RD	2.22479E-22	1	8.47608E-15
VK	VK485	RR	RR	RR	0.941117474	0.058882526	1.25924E-16
VK	VK486	RR	RR	RR	0.999017939	0.000982061	3.49546E-38
VK	VK422	RR	RR	RR	0.998042465	0.001957535	1.05491E-34
VK	VK42	RR	RR	RR	1	3.61519E-21	3.4888E-260
VK	VK433	RR	RR	RR	0.999020055	0.000979945	3.028E-38
VK	VK365	RR	RR	RR	0.969637927	0.030362073	2.92371E-18
VK	VK367	RR	RR	RR	0.992220513	0.007779487	4.4146E-27
VK	VK405	RR	RR	RR	0.992197413	0.007802587	1.63228E-27
VK	VK514	RD	RD	RD	3.96978E-15	1	2.28926E-16
VK	VK475	RR	RR	RR	1	1.19757E-10	1.9629E-127
VK	VK511	RR	RR	RR	0.999992327	7.67332E-06	9.41961E-68
VK	VK290	RR	RR	RR	0.992223356	0.007776644	3.67085E-26
VK	VK324	RR	RR	RR	0.992241863	0.007758137	1.05535E-29
VK	VK325	RR	RR	RR	0.969669386	0.030330614	1.85513E-20
VK	VK326	RD	RD	RD	1.91562E-09	0.999999997	7.33271E-10
VK	VK328	RR	RR	RR	0.984272241	0.015727759	1.8995E-20
VK	VK329	RR	RR	RR	0.984426637	0.015573363	1.46179E-20
VK	VK330	RR	RR	RR	0.992234197	0.007765803	3.24472E-28
VK	VK332	RR	RR	RR	0.99993819	6.18095E-05	2.50611E-54
VK	VK333	RR	RR	RR	0.992231398	0.007768602	6.68591E-28
VK	VK335	RR	RR	RR	0.999015031	0.000984969	8.05928E-40
VK	VK336	RR	RR	RR	0.887917223	0.112082776	9.08233E-10
VK	VK337	RR	RR	RR	0.999502609	0.000497391	3.98001E-41
VK	VK323	RR	RR	RR	0.999506396	0.000493604	5.76805E-41
VK	VK34	RR	RR	RR	0.969663577	0.030336423	3.41706E-20
VK	VK513	RR	RR	RR	0.999938298	6.17017E-05	2.55107E-52
VK	VK343	RD	RR	RR	0.01329325	0.98670675	3.72427E-23
VK	VK345	RR	RR	RR	0.996093167	0.003906833	4.2385E-33
VK	VK35	RR	RR	RR	0.996102887	0.003897113	1.50744E-32
VK	VK350	RR	RR	RR	0.999754918	0.000245082	4.23602E-48
VK	VK363	RR	RR	RR	0.969292824	0.030707176	2.02945E-16
VK	VK362	RR	RR	RR	0.969664101	0.030335899	6.8554E-21
VK	VK361	RR	RR	RR	0.984444953	0.015555047	4.92636E-23
VK	VK358	RD	RR	RR	0.063289145	0.936710855	4.13448E-21
VK	VK419	RR	RR	RR	0.992237981	0.007762019	6.66887E-28
VK	VK418	RR	RR	RR	0.998031118	0.001968882	2.8129E-34
VK	VK372	RR	RR	RR	0.996061226	0.003938774	1.5158E-28
VK	VK371	RR	RR	RR	0.969665594	0.030334406	2.93755E-20
VK	VK369	RR	RR	RR	0.998046153	0.001953847	2.35944E-35
VK	VK368	RD	RD	RD	1.187E-11	1	1.93427E-10
VK	VK393	RR	RR	RR	0.999507584	0.000492416	1.40552E-43
VK	VK394	RR	RR	RR	0.799913333	0.200086646	2.06578E-08
VK	VK395	RR	RR	RR	0.999875977	0.000124023	2.02071E-47
VK	VK396	RR	RR	RR	0.996105311	0.003894689	1.40649E-33
VK	VK397	RR	RR	RR	0.998016864	0.001983136	1.3511E-31
VK	VK398	RR	RR	RR	0.984559738	0.015440262	4.55937E-23
VK	VK554	RR	RR	RR	0.99609201	0.00390799	5.11784E-30
VK	VK399	RR	RR	RR	0.999992233	7.76663E-06	3.48435E-64
VK	VK400	RR	RR	RR	0.996042186	0.003957814	4.28096E-29
VK	VK401	RR	RR	RR	0.999015974	0.000984026	6.59683E-39
VK	VK402	RR	RR	RR	0.999021355	0.000978645	2.46895E-40
VK	VK403	RR	RR	RR	0.99902228	0.00097772	2.4932E-40
VK	VK517	RR	RR	RR	0.9845969	0.0154031	2.90588E-24
VK	VK404	RR	RR	RR	0.999005521	0.000994479	4.44948E-37
VK	VK407	RR	RR	RR	0.799913333	0.200086646	2.06578E-08
VK	VK414	RR	RR	RR	0.99975195	0.00024805	1.8045E-45
VK	VK388	RR	RR	RR	0.996060423	0.003939577	3.6543E-26
VK	VK415	RR	RR	RR	0.999992348	7.65208E-06	2.65442E-69
VK	VK387	RR	RR	RR	0.999505259	0.000494741	4.20479E-41
VK	VK385	RR	RR	RR	0.992236543	0.007763457	2.25728E-28
VK	VK40	RR	RR	RR	0.999873174	0.000126826	4.17702E-44
VK	VK536	RR	RR	RR	0.984456937	0.015543063	2.11754E-21