Assigned	Sample	No_filter	Permissive_filter	Strict_filter	pRR_Data_n	pRD_Data_n	pDD_Data_n
BOTAI	RISE516	RR	RR	RR	0.888717576	0.111282424	2.73718E-11
BOTAI	DA246	RR	RR	RR	0.992241625	0.007758375	1.67278E-29
BOTAI	DA342	RR	RR	RR	0.996067152	0.003932848	5.85404E-29
BOTAI	DA381	RR	RR	RR	0.661417323	0.333333333	0.005249344
BOTAI	MA2210	RR	RR	RR	0.66527633	0.333333333	0.001390337
BOTAI	RISE680	RR	RR	RR	0.888788147	0.111211853	5.20187E-12
BOTAI	RISE664	RR	RR	RR	0.999007481	0.000992519	2.51829E-35
BOTAI	RISE674	RR	RR	RR	0.969634466	0.030365534	1.28962E-19
BOTAI	RISE719	RR	RR	RR	0.88845915	0.11154085	8.74078E-11
BOTAI	DA356	RR	RR	RR	0.666340987	0.333333333	0.00032568
BOTAI	MA2213	RR	RR	RR	0.888696418	0.111303582	4.5735E-12
BOTAI	RISE681	RD	RD	RD	0.053211618	0.944967848	0.001820534
BOTAI	MA2205	DD	DD	DD	1.25729E-07	0.200484351	0.799515523
BOTAI	BOT2016	RR	RR	RR	0.999007286	0.000992714	1.016E-99
BOTAI	RISE685	RD	RD	RD	1.97247E-10	0.999985636	1.43637E-05
BOTAI	EBA1	RR	RD	RD	0.782791411	0.217208589	1.46255E-43
BOTAI	Sidelkino	DD	RR	RR	0.000396589	0.333333333	0.666270077
BOTAI	RISE667	RR	RR	RR	0.658682635	0.333333333	0.007984032
BOTAI	EBA2	RR	RR	RR	0.999876633	0.000123367	1.12451E-77
BOTAI	DA337	RR	RR	RR	0.887469637	0.112530363	3.53957E-11
BOTAI	BOT15	RR	RR	RR	0.799798329	0.20020137	3.01046E-07
BOTAI	Yamnaya	RR	RR	RR	1	9.26913E-13	3.3361E-199
BOTAI	DA245	RR	RR	RR	0.992229129	0.007770871	1.42594E-26
BOTAI	DA252	RR	RR	RR	0.941112902	0.058887098	1.37388E-16
BOTAI	MA2203	RR	RR	RR	0.799913333	0.200086646	2.06578E-08
BOTAI	DA249	RR	RR	RR	0.999876521	0.000123479	8.0782E-49
BOTAI	DA248	RR	RR	RR	0.941139874	0.058860126	8.54297E-17
BOTAI	DA361	RR	RR	RR	0.665440049	0.333333333	0.001226618
BOTAI	DA250	RR	RR	RR	0.799800728	0.200199221	5.03995E-08
BOTAI	DA247	RR	RR	RR	0.665872543	0.333333333	0.000794123
BOTAI	DA253	RR	RR	RR	0.984575952	0.015424048	5.08368E-23
BOTAI	MA2196	RR	RR	RR	0.666340987	0.333333333	0.00032568
BOTAI	DA357	RR	RR	RR	0.799885609	0.200114363	2.79805E-08
BOTAI	MA2200	RR	RR	RR	0.969229976	0.030770024	8.51853E-18
BOTAI	BOT14	RR	RR	RR	0.984470842	0.015529158	1.35036E-33
NEO	NEO300	RD	RD	RD	0.024119978	0.975880022	5.33987E-12
NEO	NEO942	DD	DD	DD	4.15203E-08	0.200317836	0.799682123
NEO	NEO624	RD	RD	RD	5.21988E-05	0.999947801	3.16645E-15
NEO	NEO747	DD	RR	RR	0.005249344	0.333333333	0.661417323
NEO	NEO560	RD	RD	RD	0.002839741	0.966734467	0.030425792
NEO	NEO556	RD	RR	RR	0.003462747	0.996431807	0.000105446
NEO	NEO509	DD	RR	RR	0.000425441	0.333333333	0.666241225
NEO	NEO658	DD	RR	RR	0.000630716	0.333333333	0.666035951
NEO	NEO935	RD	RD	RD	0.441291117	0.558708883	2.6901E-32
NEO	NEO702	DD	RR	RR	0.00170503	0.333333333	0.664961637
NEO	NEO816	RD	RR	RR	0.000211768	0.999788218	1.40872E-08
NEO	NEO735	RD	RD	RD	0.014888397	0.985111602	2.41132E-10
NEO	NEO653	DD	RR	RR	0.001030397	0.333333333	0.66563627
NEO	NEO843	RD	RD	RD	0.042454779	0.957545221	5.12005E-15
NEO	NEO91	DD	DD	DD	1.45472E-08	0.200114111	0.799885875
NEO	NEO632	RD	RR	RR	0.111872362	0.888127638	2.07939E-12
NEO	NEO197	DD	RR	RR	0.003350084	0.333333333	0.663316583
NEO	NEO856	DD	RR	RR	0.002766252	0.333333333	0.663900415
NEO	NEO17	RR	RR	RR	0.799913333	0.200086646	2.06578E-08
NEO	NEO212	RR	RR	RR	0.984595311	0.015404689	1.5287E-26
NEO	NEO875	DD	RR	RR	0.000924642	0.333333333	0.665742025
NEO	NEO561	RD	RD	RD	0.031938887	0.968061113	1.59451E-13
NEO	NEO559	RD	RD	RD	3.61457E-13	0.970242609	0.029757391
NEO	NEO570	DD	DD	DD	2.94136E-08	0.200226395	0.799773576
NEO	NEO683	DD	DD	DD	1.02773E-15	0.015828673	0.984171327
NEO	NEO866	DD	DD	DD	2.93874E-21	0.007905038	0.992094962
NEO	NEO739	RD	RD	RD	2.28721E-20	1	2.66605E-15
NEO	NEO631	DD	DD	DD	2.69942E-27	0.003922159	0.996077841
NEO	NEO18	RR	RR	RR	0.992232831	0.007767169	1.08697E-28
NEO	NEO749	RD	RD	RD	9.61145E-13	1	9.45459E-18
NEO	NEO558	RD	RD	RD	1.18881E-07	0.999999859	2.23319E-08
NEO	NEO225	RD	RD	RD	7.73275E-09	0.999999992	1.75146E-17
NEO	NEO847	RD	RD	RD	0.000444945	0.999555055	5.26136E-20
NEO	NEO745	DD	RR	RR	0.000493462	0.333333333	0.666173205
NEO	NEO945	DD	DD	DD	4.09384E-07	0.200265772	0.799733818
NEO	NEO189	DD	DD	DD	1.13867E-06	0.200382136	0.799616725
NEO	NEO261	RD	RD	RD	0.000422545	0.999577455	5.77198E-16
NEO	NEO907	RD	RD	RD	1.40377E-05	0.994705254	0.005280708
NEO	NEO738	RD	RD	RD	4.96353E-05	0.999950352	1.22444E-08
NEO	NEO166	RD	RD	RD	2.71448E-10	0.999999998	1.97181E-09
NEO	NEO737	RD	RD	RD	2.21123E-05	0.957462896	0.042514992
NEO	NEO590	DD	DD	DD	3.27819E-08	0.200251835	0.799748132
NEO	NEO791	RD	RR	RR	0.309646595	0.690353405	1.81282E-11
NEO	NEO160	RD	RD	RD	9.30307E-11	0.999999421	5.79113E-07
NEO	NEO557	RD	RD	RD	9.47024E-06	0.99977921	0.00021132
NEO	NEO142	RR	RR	RR	0.79991756	0.20008243	1.03527E-08
NEO	NEO855	RD	RR	RR	0.002545813	0.997348619	0.000105568
NEO	NEO116	RR	RR	RR	0.9999995	4.99941E-07	1.77472E-69
NEO	NEO88	RR	RR	RR	0.992241142	0.007758858	3.33825E-29
NEO	NEO917	RR	RR	RR	0.99217333	0.00782667	2.96936E-26
NEO	NEO912	RR	RR	RR	0.888606381	0.111393619	4.29227E-11
NEO	NEO911	RR	RR	RR	0.998024092	0.001975908	6.24802E-34
NEO	NEO898	RR	RR	RR	0.999984212	1.5788E-05	2.41808E-58
NEO	NEO83	RR	RR	RR	0.984436895	0.015563105	4.3449E-21
NEO	NEO891	RR	RR	RR	0.797709459	0.202289783	7.58075E-07
NEO	NEO938	RR	RR	RR	0.799860315	0.200139573	1.11441E-07
NEO	NEO946	RR	RR	RR	0.888738965	0.111261035	9.13057E-13
NEO	NEO649	RR	RR	RR	0.666340987	0.333333333	0.00032568
NEO	NEO943	RR	RR	RR	0.657276995	0.333333333	0.009389671
NEO	NEO93	RR	RR	RR	0.665872543	0.333333333	0.000794123
NEO	NEO813	RR	RR	RR	0.9994946	0.0005054	3.50225E-36
NEO	NEO812	RR	RR	RR	0.998993873	0.001006127	2.97859E-32
NEO	NEO806	RR	RR	RR	0.799808911	0.200190814	2.75248E-07
NEO	NEO27	RR	RR	RR	0.992231847	0.007768153	9.99609E-30
NEO	NEO23	RR	RR	RR	0.992165481	0.007834519	2.24905E-28
NEO	NEO281	RR	RR	RR	0.969666025	0.030333975	1.0863E-21
NEO	NEO36	RR	RR	RR	0.7999809	0.200019097	2.81185E-09
NEO	NEO25	RR	RR	RR	0.666256031	0.333333333	0.000410635
NEO	NEO932	RR	RR	RR	0.941145012	0.058854988	8.54064E-18
NEO	NEO64	RR	RR	RR	0.799476455	0.200523409	1.36048E-07
NEO	NEO646	RD	RD	RD	1.19982E-05	0.999987991	1.11938E-08
NEO	NEO625	RR	RR	RR	0.666340987	0.333333333	0.00032568
NEO	NEO630	RR	RR	RR	0.66611088	0.333333333	0.000555787
NEO	NEO115	RR	RR	RR	0.888830178	0.111169822	1.21285E-12
NEO	NEO174	RR	RR	RR	0.96950193	0.03049807	9.09758E-19
NEO	NEO173	RR	RR	RR	0.888835386	0.111164614	3.04609E-13
NEO	NEO171	RD	RD	RD	4.43938E-08	0.999999956	4.71722E-11
NEO	NEO306	RR	RR	RR	0.969646893	0.030353107	6.30903E-19
NEO	NEO260	RR	RR	RR	0.992109285	0.007890715	1.02559E-24
NEO	NEO537	RR	RR	RR	0.662952646	0.333333333	0.00371402
NEO	NEO589	RR	RR	RR	0.998047083	0.001952917	3.95158E-40
NEO	NEO568	RD	RR	RR	0.002116006	0.997883994	7.24819E-14
NEO	NEO70	RR	RR	RR	0.941161045	0.058838955	1.1629E-17
NEO	NEO309	RR	RR	RR	0.940192397	0.059807603	2.41059E-13
NEO	NEO555	RR	RR	RR	0.797716284	0.202283414	3.01761E-07
NEO	NEO904	RR	RR	RR	0.664526485	0.333333333	0.002140182
NEO	NEO19	RR	RR	RR	0.999992185	7.81503E-06	2.80796E-59
NEO	NEO687	RR	RR	RR	0.665440049	0.333333333	0.001226618
NEO	NEO752	RR	RR	RR	0.969634906	0.030365094	1.9954E-19
NEO	NEO200	RR	RR	RR	0.799554574	0.200445368	5.84054E-08
NEO	NEO28	RR	RR	RR	0.79991756	0.20008243	1.03527E-08
NEO	NEO302	RR	RR	RR	0.99216671	0.00783329	3.56281E-30
NEO	NEO304	RR	RR	RR	0.969678317	0.030321683	5.85366E-22
NEO	NEO179	RR	RR	RR	0.664526485	0.333333333	0.002140182
RISE	RISE150	RD	RD	RD	3.72592E-23	0.99999995	5.0157E-08
RISE	RISE493	RR	RR	RR	0.999984488	1.55119E-05	5.22866E-61
RISE	RISE511	RD	RD	RD	3.06861E-16	1	6.59659E-22
RISE	RISE505	RD	RD	RD	6.02734E-16	1	7.23377E-19
RISE	RISE174	RD	RD	RD	6.60729E-05	0.999933927	2.45581E-22
RISE	RISE61	DD	RR	RR	0.000834376	0.333333333	0.66583229
RISE	RISE502	RD	RD	RD	4.99777E-10	0.99999991	8.91149E-08
RISE	RISE392	RR	RR	RR	0.940477458	0.059522542	5.71598E-14
RISE	RISE497	RR	RR	RR	0.999752098	0.000247902	3.67558E-46
RISE	RISE495	RR	RR	RR	0.969663175	0.030336825	4.302E-20
RISE	RISE386	RD	RD	RD	2.66844E-15	0.941757775	0.058242225
RISE	RISE98	RR	RR	RR	0.718619027	0.281380973	6.53049E-34
RISE	RISE373	RR	RR	RR	0.799913333	0.200086646	2.06578E-08
RISE	RISE602	RR	RR	RR	0.9411094	0.0588906	9.2778E-17
RISE	RISE479	RR	RR	RR	0.790636453	0.209363547	2.22408E-19
RISE	RISE552	RR	RR	RR	0.888793885	0.111206115	9.64426E-12
RISE	RISE548	RR	RR	RR	0.888828826	0.111171174	1.52695E-12
RISE	RISE509	RR	RR	RR	0.996102084	0.003897916	1.3668E-32
RISE	RISE240	RR	RR	RR	0.799659223	0.200340137	6.40197E-07
RISE	RISE600	RR	RR	RR	0.666103233	0.333333333	0.000563433
RISE	RISE94	RR	RR	RR	0.799380929	0.200616273	2.7987E-06
RISE	RISE97	RR	RR	RR	0.798546894	0.201449754	3.35214E-06
RISE	RISE00	RR	RR	RR	0.888550285	0.111449715	7.98246E-11
RISE	RISE547	RR	RR	RR	0.88783213	0.112167866	4.54895E-09
VK	VK533	RR	RR	RR	0.99610453	0.00389547	8.82056E-34
VK	VK60	RR	RR	RR	0.797637496	0.202356935	5.56932E-06
VK	VK536	RR	RR	RR	0.799913333	0.200086646	2.06578E-08
VK	VK6	RR	RR	RR	0.969600936	0.030399064	9.72654E-19
VK	VK57	RR	RR	RR	0.663629461	0.333333333	0.003037206
VK	VK56	RR	RR	RR	0.940668051	0.059331949	1.10244E-14
VK	VK554	RR	RR	RR	0.799502547	0.200496091	1.36214E-06
VK	VK550	RR	RR	RR	0.888630459	0.111369541	3.47716E-10
VK	VK549	RR	RR	RR	0.9696465	0.0303535	1.73827E-19
VK	VK547	RR	RR	RR	0.969587429	0.030412571	1.56963E-18
VK	VK545	RR	RR	RR	0.799885609	0.200114363	2.79805E-08
VK	VK544	RR	RR	RR	0.799911139	0.200088835	2.60077E-08
VK	VK543	RR	RR	RR	0.969583262	0.030416738	2.25144E-19
VK	VK540	RR	RR	RR	0.666256031	0.333333333	0.000410635
VK	VK539	RR	RR	RR	0.969411988	0.030588012	2.30051E-16
VK	VK84	RR	RR	RR	0.888051907	0.111948093	1.82016E-10
VK	VK265	RR	RR	RR	0.665691295	0.333333333	0.000975372
VK	VK495	RR	RR	RR	0.888746705	0.111253295	2.22894E-11
VK	VK548	RR	RR	RR	0.984538569	0.015461431	5.93348E-22
VK	VK541	RR	RR	RR	0.887985471	0.112014529	2.24357E-11
VK	VK42	RD	RD	RD	1.02196E-30	1	1.83583E-24
VK	VK520	RR	RR	RR	0.984479103	0.015520897	6.56709E-22
VK	VK167	RD	RR	RR	0.000205541	0.978001701	0.021792758
VK	VK205	RR	RR	RR	0.888751611	0.111248389	2.41103E-11
VK	VK154	RR	RR	RR	0.992073733	0.007926267	2.67616E-22
VK	VK207	RR	RR	RR	0.888752769	0.111247231	7.43493E-12
VK	VK16	RR	RR	RR	0.666340987	0.333333333	0.00032568
VK	VK128	RR	RR	RR	0.940667288	0.059332712	1.38794E-14
VK	VK102	RR	RR	RR	0.999984367	1.56326E-05	7.56188E-57
VK	VK108	RR	RR	RR	0.887595874	0.112404123	2.5701E-09
VK	VK110	RR	RR	RR	0.886683051	0.113316943	5.31187E-09
VK	VK118	RR	RR	RR	0.999968832	3.11683E-05	7.3115E-52
VK	VK159	RR	RR	RR	0.799826663	0.200173115	2.22485E-07
VK	VK127	RD	RR	RR	0.001060186	0.998939554	2.59651E-07
VK	VK124	RR	RR	RR	0.798864257	0.201129185	6.55741E-06
VK	VK20	RR	RR	RR	0.799815657	0.200184084	2.588E-07
VK	VK203	RR	RR	RR	0.96926787	0.03073213	1.62365E-15
VK	VK129	RR	RR	RR	0.99951105	0.00048895	2.81382E-45
VK	VK160	RR	RR	RR	0.968853767	0.031146233	9.59547E-15
VK	VK212	RR	RR	RR	0.665440049	0.333333333	0.001226618
VK	VK219	RR	RR	RR	0.888086753	0.111913239	7.82273E-09
VK	VK150	RR	RR	RR	0.657276995	0.333333333	0.009389671
VK	VK187	RR	RR	RR	0.7998181	0.200181854	4.58113E-08
VK	VK509	RR	RR	RR	0.799913333	0.200086646	2.06578E-08
VK	VK244	RR	RR	RR	0.799892921	0.200107053	2.60492E-08
VK	VK147	RR	RR	RR	0.888463454	0.111536543	2.22974E-09
VK	VK241	RR	RR	RR	0.798608342	0.201382478	9.1798E-06
VK	VK151	RR	RR	RR	0.666340987	0.333333333	0.00032568
VK	VK220	RR	RR	RR	0.969676394	0.030323606	3.69412E-21
VK	VK221	RR	RR	RR	0.799913333	0.200086646	2.06578E-08
VK	VK223	RR	RR	RR	0.79872341	0.201276256	3.34945E-07
VK	VK531	RD	RR	RR	0.019688368	0.979660046	0.000651585
VK	VK165	RR	RR	RR	0.665691295	0.333333333	0.000975372
VK	VK168	RR	RR	RR	0.88846536	0.11153464	2.06773E-10
VK	VK17	RR	RR	RR	0.663629461	0.333333333	0.003037206
VK	VK172	RR	RR	RR	0.88849962	0.11150038	1.49782E-11
VK	VK173	RR	RR	RR	0.941116486	0.058883514	6.27664E-16
VK	VK175	RR	RR	RR	0.799538813	0.200460254	9.33767E-07
VK	VK176	RR	RR	RR	0.940419139	0.059580861	1.16737E-13
VK	VK18	RR	RR	RR	0.940437154	0.059562846	1.50562E-13
VK	VK186	RR	RR	RR	0.666062528	0.333333333	0.000604138
VK	VK166	RR	RR	RR	0.999984367	1.5633E-05	1.12431E-53
VK	VK30	DD	RR	RR	0.000347041	0.333333333	0.666319625
VK	VK538	RD	RD	RD	0.004870532	0.977341436	0.017788032
VK	VK508	RD	RR	RR	0.0012485	0.998540533	0.000210967
VK	VK478	RD	RD	RD	0.010027554	0.989972445	3.47946E-10
VK	VK365	RD	RD	RD	0.030320363	0.964082032	0.005597605
VK	VK355	DD	RR	RR	0.000689417	0.333333333	0.665977249
VK	VK225	DD	DD	DD	6.54133E-08	0.20025605	0.799743884
VK	VK332	RD	RD	RD	0.013695572	0.986304428	4.35148E-11
VK	VK29	RD	RD	RD	0.334922594	0.665077406	1.60768E-19
VK	VK521	RR	RR	RR	0.995630488	0.004369512	1.11899E-47
VK	VK350	RD	RD	RD	2.94521E-06	0.99999701	4.45071E-08
VK	VK25	RD	RR	RR	0.274240685	0.725759315	1.20579E-27
VK	VK403	DD	DD	DD	9.90773E-06	0.202417487	0.797572605
VK	VK372	RD	RD	RD	2.95349E-05	0.993383321	0.006587144
VK	VK70	RD	RD	RD	0.152990934	0.847009066	1.81396E-46
VK	VK201	RD	RD	RD	2.49071E-09	0.999157287	0.00084271
VK	VK65	DD	DD	DD	2.17984E-11	0.111268934	0.888731066
VK	VK367	RD	RD	RD	7.20202E-09	0.999995971	4.02217E-06
VK	VK46	RD	RD	RD	1.85097E-17	1	5.15463E-31
VK	VK87	RD	RD	RD	3.606E-14	0.999999436	5.63569E-07
VK	VK50	RD	RD	RD	6.11898E-27	1	1.11934E-32
VK	VK510	RD	RD	RD	3.55564E-05	0.999964032	4.11261E-07
VK	VK238	RR	RR	RR	0.888787108	0.111212892	1.12185E-11
VK	VK111	RD	RR	RR	0.013742134	0.986050199	0.000207667
VK	VK482	DD	RR	RR	0.00053376	0.333333333	0.666132906
VK	VK157	RD	RD	RD	0.002731198	0.995325192	0.001943609
VK	VK505	DD	RR	RR	0.000756716	0.333333333	0.665909951
VK	VK553	RD	RD	RD	2.50823E-06	0.999997447	4.45302E-08
VK	VK217	DD	RR	RR	0.000243576	0.333333333	0.666423091
VK	VK493	RD	RR	RR	0.019628851	0.980371149	2.31068E-12
VK	VK174	DD	DD	DD	3.3219E-07	0.201009368	0.7989903
VK	VK58	RD	RD	RD	1.03241E-05	0.999989676	4.74918E-17
VK	VK438	DD	RR	RR	0.009389671	0.333333333	0.657276995
VK	VK230	RD	RR	RR	0.388481819	0.611518181	1.10777E-25
VK	VK274	RD	RD	RD	0.052698338	0.947301662	8.08561E-10
VK	VK202	DD	DD	DD	1.03682E-07	0.200260993	0.799738903
VK	VK134	DD	RR	RR	0.00232288	0.333333333	0.664343786
VK	VK184	RD	RD	RD	0.013663252	0.986336401	3.46965E-07
VK	VK343	RD	RD	RD	2.02215E-10	0.999999995	5.01839E-09
VK	VK179	RD	RD	RD	0.310497343	0.689502657	3.36448E-15
VK	VK335	DD	DD	DD	3.13065E-08	0.200126952	0.799873016
VK	VK455	DD	RR	RR	0.000396589	0.333333333	0.666270077
VK	VK178	DD	RR	RR	0.009389671	0.333333333	0.657276995
VK	VK170	RD	RD	RD	0.001723658	0.996330276	0.001946066
VK	VK516	RR	RR	RR	0.969661272	0.030338728	9.41655E-21
VK	VK237	RD	RR	RR	0.000839145	0.999160851	4.26403E-09
VK	VK291	RR	RR	RR	0.969565951	0.030434049	2.66309E-19
VK	VK448	RR	RR	RR	0.798077387	0.201909744	1.28689E-05
VK	VK456	RR	RR	RR	0.969676394	0.030323606	3.69412E-21
VK	VK443	RR	RR	RR	0.799854665	0.200145236	9.90316E-08
VK	VK445	RR	RR	RR	0.940965195	0.059034805	4.13525E-15
VK	VK433	RR	RR	RR	0.941131038	0.058868962	9.1912E-17
VK	VK463	RR	RR	RR	0.799913333	0.200086646	2.06578E-08
VK	VK453	RR	RR	RR	0.660687593	0.333333333	0.005979073
VK	VK429	RR	RR	RR	0.969666237	0.030333763	6.3063E-21
VK	VK432	RR	RR	RR	0.888142556	0.111857444	1.60957E-10
VK	VK386	RR	RR	RR	0.88881001	0.11118999	2.6039E-12
VK	VK64	RR	RR	RR	0.887942116	0.112057884	2.07522E-10
VK	VK384	RR	RR	RR	0.940496242	0.059503758	2.11721E-15
VK	VK368	RR	RR	RR	0.984451415	0.015548585	6.08833E-22
VK	VK396	RR	RR	RR	0.940481905	0.059518095	1.86451E-12
VK	VK397	RR	RR	RR	0.796181212	0.203715855	0.000102932
VK	VK399	RR	RR	RR	0.799024441	0.200973371	2.18784E-06
VK	VK40	RR	RR	RR	0.888817578	0.111182422	1.52941E-12
VK	VK452	RR	RR	RR	0.799405683	0.200593058	1.25835E-06
VK	VK446	RR	RR	RR	0.969444244	0.030555756	6.98405E-19
VK	VK1	RR	RR	RR	0.999999996	3.95572E-09	5.06356E-96
VK	VK422	RR	RR	RR	0.940779286	0.059220714	9.73903E-16
VK	VK522	RR	RR	RR	0.999019344	0.000980656	2.63695E-36
VK	VK526	RR	RR	RR	0.969208244	0.030791756	2.47714E-15
VK	VK527	RR	RR	RR	0.888723026	0.111276974	6.09771E-11
VK	VK532	RD	RR	RR	0.000843634	0.999156366	3.21348E-10
VK	VK471	RR	RR	RR	0.799913333	0.200086646	2.06578E-08
VK	VK473	RR	RR	RR	0.888796045	0.111203955	2.07042E-12
VK	VK474	RR	RR	RR	0.969642883	0.030357117	8.33769E-20
VK	VK475	RR	RR	RR	0.940385008	0.059614992	1.46259E-12
VK	VK400	RR	RR	RR	0.984581303	0.015418697	3.74778E-24
VK	VK477	RR	RR	RR	0.941022778	0.058977222	1.64529E-14
VK	VK486	RR	RR	RR	0.657276995	0.333333333	0.009389671
VK	VK487	RR	RR	RR	0.969018897	0.030981103	2.29184E-14
VK	VK496	RR	RR	RR	0.941084989	0.058915011	1.35792E-15
VK	VK511	RR	RR	RR	0.969583994	0.030416006	1.78386E-18
VK	VK63	RR	RR	RR	0.666340987	0.333333333	0.00032568
VK	VK480	RD	RR	RR	0.000208803	0.990348563	0.009442634
VK	VK389	RR	RR	RR	0.665077473	0.333333333	0.001589193
VK	VK39	RR	RR	RR	0.66527633	0.333333333	0.001390337
VK	VK484	RR	RR	RR	0.941086572	0.058913428	2.03409E-16
VK	VK401	RR	RR	RR	0.799686916	0.200312511	5.7268E-07
VK	VK402	RR	RR	RR	0.941139874	0.058860126	8.54297E-17
VK	VK406	RR	RR	RR	0.941093319	0.058906681	1.16478E-15
VK	VK317	RR	RR	RR	0.940591266	0.059408734	1.44535E-15
VK	VK320	RR	RR	RR	0.888517293	0.111482707	7.39003E-11
VK	VK31	RR	RR	RR	0.660687593	0.333333333	0.005979073
VK	VK143	RR	RR	RR	0.888751611	0.111248389	2.41103E-11
VK	VK261	RR	RR	RR	0.888830178	0.111169822	1.21285E-12
VK	VK145	RR	RR	RR	0.799913333	0.200086646	2.06578E-08
VK	VK245	RR	RR	RR	0.799913333	0.200086646	2.06578E-08
VK	VK242	RR	RR	RR	0.888051907	0.111948093	1.82016E-10
VK	VK303	RR	RR	RR	0.940894428	0.059105572	1.77301E-13
VK	VK27	RR	RR	RR	0.662020906	0.333333333	0.004645761
VK	VK279	RR	RR	RR	0.940956044	0.059043956	6.65734E-16
VK	VK281	RR	RR	RR	0.888817578	0.111182422	1.52941E-12
VK	VK284	RR	RR	RR	0.969210864	0.030789136	3.09474E-17
VK	VK285	RR	RR	RR	0.799913333	0.200086646	2.06578E-08
VK	VK286	RR	RR	RR	0.799913333	0.200086646	2.06578E-08
VK	VK288	RR	RR	RR	0.799000906	0.200993104	5.98977E-06
VK	VK289	RR	RR	RR	0.666340987	0.333333333	0.00032568
VK	VK290	RR	RR	RR	0.940281287	0.059718713	1.53195E-13
VK	VK275	RR	RR	RR	0.664136622	0.333333333	0.002530044
VK	VK263	RR	RR	RR	0.941140632	0.058859368	6.78565E-17
VK	VK300	RR	RR	RR	0.665788896	0.333333333	0.00087777
VK	VK326	RR	RR	RR	0.666256031	0.333333333	0.000410635
VK	VK468	RR	RR	RR	0.992204686	0.007795314	4.61413E-26
VK	VK419	RR	RR	RR	0.799822984	0.200176775	2.40937E-07
VK	VK420	RR	RR	RR	0.940779286	0.059220714	9.73903E-16
VK	VK393	RR	RR	RR	0.799609318	0.200390581	1.00955E-07
VK	VK392	RR	RR	RR	0.666191664	0.333333333	0.000475003
VK	VK363	RR	RR	RR	0.666340987	0.333333333	0.00032568
VK	VK364	RR	RR	RR	0.888828826	0.111171174	1.52695E-12
VK	VK370	RR	RR	RR	0.799800728	0.200199221	5.03995E-08
VK	VK324	RR	RR	RR	0.888502647	0.111497353	1.76746E-10
VK	VK51	RR	RR	RR	0.940068626	0.059931374	1.05496E-10
VK	VK506	RR	RR	RR	0.940441071	0.059558929	1.81441E-13
VK	VK333	RR	RR	RR	0.799846412	0.200153549	3.83332E-08
VK	VK336	RR	RR	RR	0.799913333	0.200086646	2.06578E-08
VK	VK337	RR	RR	RR	0.992235479	0.007764521	2.84672E-29
VK	VK342	RR	RR	RR	0.799858036	0.200141929	3.52633E-08
VK	VK344	RR	RR	RR	0.939917412	0.060082588	3.31329E-13
VK	VK345	RR	RR	RR	0.888830178	0.111169822	1.21285E-12
VK	VK352	RR	RR	RR	0.941117068	0.058882932	2.9104E-16
VK	VK98	RR	RR	RR	0.999014485	0.000985515	4.60844E-40
VK	VK513	RR	RR	RR	0.888129917	0.111870083	7.36256E-11