Assigned	Sample	No_filter	Permissive_filter	Strict_filter	pRR_Data_n	pRD_Data_n	pDD_Data_n
BOTAI	RISE674	RR	RR	RR	0.999987192	1.28078E-05	2.6058E-113
BOTAI	DA337	RR	RR	RR	0.992238341	0.007761659	2.1684E-28
BOTAI	EBA1	RD	RR	RR	0.00239123	0.99760877	6.3434E-103
BOTAI	DA342	RR	RR	RR	0.818901534	0.181098466	1.92091E-44
BOTAI	DA252	RR	RR	RR	0.9630077	0.0369923	7.54644E-50
BOTAI	DA381	RD	RR	RR	0.008200959	0.991798849	1.92367E-07
BOTAI	DA380	RD	RR	RR	0.005883683	0.994116124	1.92873E-07
BOTAI	DA247	RD	RD	RD	4.49481E-13	1	7.38809E-23
BOTAI	DA253	RD	RR	RR	0.004687072	0.995312928	1.38264E-46
BOTAI	DA245	RD	RD	RD	9.23932E-23	0.999996621	3.37947E-06
BOTAI	DA335	RD	RR	RR	4.79548E-07	0.999577518	0.000422002
BOTAI	RISE664	RR	RR	RR	0.997788193	0.002211807	2.87506E-66
BOTAI	RISE684	RD	RR	RR	0.01085175	0.989148249	1.76316E-10
BOTAI	MA2213	RD	RR	RR	0.362804505	0.637195495	5.14928E-26
BOTAI	DA358	RD	RR	RR	0.017495751	0.982503869	3.79811E-07
BOTAI	MA2195	RD	RD	RD	3.42802E-05	0.999965333	3.87165E-07
BOTAI	DA345	DD	DD	DD	1.10083E-26	0.007780328	0.992219672
BOTAI	DA361	RD	RD	RD	4.19639E-05	0.999958036	4.09363E-11
BOTAI	DA249	RD	RD	RD	1.62941E-44	1	6.3536E-26
BOTAI	MA2196	DD	RD	RD	1.97201E-07	0.200163914	0.799835889
BOTAI	RISE719	RD	RD	RD	4.00001E-09	0.999999995	7.11885E-10
BOTAI	BOT15	RD	RD	RD	0.22535186	0.77464814	2.72691E-66
BOTAI	EBA2	RD	RD	RD	7.35472E-58	1	5.922E-61
BOTAI	RISE672	DD	RD	RD	2.70617E-15	0.058910228	0.941089772
BOTAI	MA2200	RD	RD	RD	0.000243225	0.999756775	4.13969E-45
BOTAI	MA2210	RD	RD	RD	7.69696E-18	1	3.00918E-22
BOTAI	Yamnaya	RR	RD	RD	0.983014626	0.016985374	0
BOTAI	BOT2016	RD	RD	RD	4.6738E-281	1	4.27752E-18
BOTAI	RISE685	RR	RR	RR	0.984540822	0.015459178	1.85212E-22
BOTAI	DA246	RR	RR	RR	0.999877404	0.000122596	3.65026E-49
BOTAI	DA362	RR	RR	RR	0.780980524	0.219019476	3.59498E-36
BOTAI	RISE718	RR	RR	RR	0.940547847	0.059452153	2.48014E-12
BOTAI	DA356	RR	RR	RR	0.969445514	0.030554486	5.21599E-19
BOTAI	RISE670	RR	RR	RR	0.996084763	0.003915237	4.37574E-31
BOTAI	DA344	RR	RR	RR	0.940990097	0.059009903	3.3807E-15
BOTAI	MA2198	RR	RR	RR	0.984502875	0.015497125	7.60137E-22
BOTAI	RISE662	RR	RR	RR	0.940942544	0.059057456	3.42315E-15
BOTAI	MA2203	RR	RR	RR	0.984560917	0.015439083	5.62285E-22
BOTAI	DA250	RR	RR	RR	0.799852799	0.200147032	1.68924E-07
BOTAI	RISE515	RR	RR	RR	0.969635357	0.030364643	1.10305E-18
BOTAI	MA2212	RD	RR	RR	0.003335976	0.996651785	1.22388E-05
BOTAI	MA2208	RR	RR	RR	0.799092534	0.200901517	5.94905E-06
BOTAI	MA2206	RR	RR	RR	0.662952646	0.333333333	0.00371402
BOTAI	RISE677	RR	RR	RR	0.666360435	0.333333333	0.000306232
BOTAI	MA2197	RR	RR	RR	0.798056373	0.201943116	5.11125E-07
BOTAI	DA341	RR	RR	RR	0.984596052	0.015403948	8.1268E-24
BOTAI	DA355	RR	RR	RR	0.799543854	0.200455858	2.88497E-07
BOTAI	DA334	RD	RR	RR	0.001686837	0.998313163	2.16426E-15
BOTAI	DA248	RR	RR	RR	0.999999939	6.05372E-08	1.6362E-89
BOTAI	DA359	RR	RR	RR	0.98456657	0.01543343	2.42444E-22
BOTAI	DA360	RR	RR	RR	0.658682635	0.333333333	0.007984032
BOTAI	RISE683	RR	RR	RR	0.999984564	1.54364E-05	9.06828E-60
BOTAI	DA336	RR	RR	RR	0.941097185	0.058902815	4.8262E-15
BOTAI	DA383	RR	RR	RR	0.992234944	0.007765056	2.37453E-27
BOTAI	DA343	RR	RR	RR	0.992172408	0.007827592	8.8461E-23
BOTAI	BOT14	RD	RR	RR	1.4258E-10	1	3.54458E-56
BOTAI	RISE680	RR	RR	RR	0.998038481	0.001961519	2.82302E-32
NEO	NEO569	RD	RR	RR	0.200930398	0.799069602	9.21692E-16
NEO	NEO202	RR	RR	RR	0.999501525	0.000498475	2.59138E-69
NEO	NEO145	RD	RR	RR	0.002736943	0.996997967	0.00026509
NEO	NEO694	RD	RR	RR	0.003462747	0.996431807	0.000105446
NEO	NEO302	RR	RR	RR	0.999956364	4.36363E-05	8.42665E-87
NEO	NEO80	RD	RR	RR	0.012590523	0.987409477	4.92511E-10
NEO	NEO631	RR	RR	RR	0.998905876	0.001094124	1.29211E-57
NEO	NEO73	RD	RR	RR	0.412126643	0.587873357	9.52862E-26
NEO	NEO752	RD	RD	RD	1.85616E-09	0.999999998	4.02643E-25
NEO	NEO51	RR	RR	RR	0.679697832	0.320302168	5.95354E-32
NEO	NEO902	RD	RR	RR	0.003455297	0.994718604	0.001826099
NEO	NEO738	RD	RR	RR	0.02039139	0.97960861	3.47724E-17
NEO	NEO907	RR	RR	RR	0.999999996	3.90667E-09	1.9896E-129
NEO	NEO790	RR	RR	RR	0.637240718	0.362759282	2.65274E-30
NEO	NEO181	DD	RR	RR	0.000457561	0.333333333	0.666209105
NEO	NEO195	RD	RR	RR	0.006899171	0.993100732	9.65493E-08
NEO	NEO886	RD	RR	RR	0.011659951	0.988340049	4.20463E-11
NEO	NEO891	RD	RR	RR	0.332557902	0.667442098	6.46361E-17
NEO	NEO945	RR	RR	RR	0.94011129	0.05988871	9.97433E-30
NEO	NEO305	RR	RR	RR	0.99757642	0.00242358	1.0427E-61
NEO	NEO83	RR	RR	RR	0.668217475	0.331782525	2.11553E-27
NEO	NEO598	RD	RR	RR	0.058547002	0.941452998	1.65479E-21
NEO	NEO856	RD	RR	RR	0.136885424	0.863114576	5.07945E-26
NEO	NEO816	RD	RD	RD	0.000876551	0.999123449	3.43679E-21
NEO	NEO27	RR	RR	RR	1	2.66024E-10	1.4257E-138
NEO	NEO128	RR	RR	RR	0.658682635	0.333333333	0.007984032
NEO	NEO140	RR	RR	RR	0.665578943	0.333333333	0.001087724
NEO	NEO147	RD	RR	RR	0.000104253	0.987417654	0.012478093
NEO	NEO158	RR	RR	RR	0.665050989	0.333333333	0.001615678
NEO	NEO791	RR	RR	RR	0.973142303	0.026857697	2.56095E-51
NEO	NEO170	RR	RR	RR	0.941146629	0.058853371	8.03042E-18
NEO	NEO110	RR	RR	RR	0.666360435	0.333333333	0.000306232
NEO	NEO193	RR	RR	RR	0.941007318	0.058992682	5.19988E-17
NEO	NEO847	RD	RR	RR	0.002540776	0.997459224	1.96128E-42
NEO	NEO310	RD	RD	RD	0.000189055	0.999810945	1.74706E-21
NEO	NEO261	RR	RR	RR	0.995573103	0.004426897	5.73012E-60
NEO	NEO309	RR	RR	RR	0.999918355	8.16454E-05	1.15566E-90
NEO	NEO43	RD	RR	RR	0.008103612	0.991852782	4.36057E-05
NEO	NEO186	RD	RR	RR	0.004707119	0.995291572	1.30875E-06
NEO	NEO733	RD	RR	RR	0.333437954	0.666562046	8.1145E-27
NEO	NEO538	RR	RR	RR	0.999999926	7.4461E-08	1.1701E-122
NEO	NEO918	RD	RR	RR	9.74945E-07	0.999999024	9.27326E-10
NEO	NEO556	RR	RR	RR	0.85579137	0.14420863	9.39239E-43
NEO	NEO721	RD	RR	RR	0.017497113	0.982502791	9.53891E-08
NEO	NEO866	RR	RR	RR	0.99999957	4.29862E-07	9.021E-104
NEO	NEO306	RD	RD	RD	4.01021E-09	0.999999996	3.86797E-25
NEO	NEO735	RD	RR	RR	0.052356264	0.947643736	1.00753E-12
NEO	NEO498	RR	RR	RR	0.990160189	0.009839811	6.55527E-61
NEO	NEO559	RD	RD	RD	0.002572499	0.997427501	5.46413E-55
NEO	NEO77	DD	RR	RR	0.00232288	0.333333333	0.664343786
NEO	NEO843	RD	RD	RD	5.45578E-29	1	6.55672E-22
NEO	NEO121	RR	RR	RR	0.941111185	0.058888815	2.02095E-16
NEO	NEO166	RD	RD	RD	3.48035E-21	1	1.62705E-40
NEO	NEO560	RR	RR	RR	0.829012215	0.170987785	4.13676E-78
NEO	NEO173	RD	RD	RD	1.09821E-16	0.999981204	1.87964E-05
NEO	NEO180	RD	RD	RD	1.86818E-07	0.999999765	4.77118E-08
NEO	NEO739	DD	RD	RD	5.2079E-52	0.008847332	0.991152668
NEO	NEO570	RD	RD	RD	6.42329E-05	0.999935767	3.84385E-53
NEO	NEO115	RD	RD	RD	2.0899E-12	1	2.08422E-45
NEO	NEO853	RR	RR	RR	0.999451293	0.000548707	1.9949E-132
NEO	NEO300	RD	RD	RD	0.002610707	0.997389293	6.12882E-59
NEO	NEO587	RD	RD	RD	1.68313E-05	0.999983169	5.68218E-19
NEO	NEO917	RD	RD	RD	8.72168E-56	1	4.2253E-118
NEO	NEO932	RD	RD	RD	1.38039E-47	1	1.58645E-53
NEO	NEO116	RR	RR	RR	1	2.72465E-13	1.2149E-278
NEO	NEO502	RD	RD	RD	2.56638E-09	0.999999997	1.08264E-26
NEO	NEO19	RR	RR	RR	0.937416841	0.062583159	1.8884E-163
NEO	NEO812	RR	RR	RR	0.999607479	0.000392521	3.2357E-188
NEO	NEO589	RR	RR	RR	0.999464501	0.000535499	3.5889E-223
NEO	NEO898	RD	RD	RD	6.03081E-89	1	6.9269E-183
NEO	NEO935	RR	RR	RR	0.999994285	5.7153E-06	1.3856E-141
NEO	NEO590	RD	RD	RD	7.45037E-07	0.999999255	7.82915E-30
NEO	NEO749	RR	RD	RD	0.83452269	0.16547731	1.17667E-57
NEO	NEO545	RD	RD	RD	0.000980289	0.998945209	7.45015E-05
NEO	NEO62	RR	RR	RR	0.999989614	1.03862E-05	1.92713E-91
NEO	NEO933	RD	RR	RR	0.066119884	0.933880116	5.4796E-13
NEO	NEO142	RD	RR	RR	0.053326725	0.94657443	9.88453E-05
NEO	NEO625	RD	RD	RD	1.79044E-09	0.999999998	1.56832E-19
NEO	NEO160	RD	RD	RD	1.16982E-05	0.999988302	3.43359E-23
NEO	NEO197	RD	RR	RR	0.013651209	0.98634879	1.85529E-09
NEO	NEO92	RD	RR	RR	0.397276452	0.602723548	1.4955E-19
NEO	NEO600	RD	RR	RR	0.003769531	0.996125063	0.000105406
NEO	NEO759	RR	RR	RR	1	2.69995E-11	4.0464E-156
NEO	NEO813	RR	RR	RR	0.999999367	6.33319E-07	2.8056E-132
NEO	NEO18	RR	RR	RR	1	1.68037E-15	1.8605E-241
NEO	NEO561	RR	RD	RD	0.717375735	0.282624265	2.95914E-55
NEO	NEO225	RR	RR	RR	0.99803811	0.00196189	5.29634E-90
NEO	NEO911	RR	RR	RR	0.999999963	3.6523E-08	8.0562E-161
NEO	NEO17	RD	RD	RD	0.005656805	0.994343195	2.39857E-41
NEO	NEO632	RD	RD	RD	0.001674985	0.998325015	7.04795E-25
NEO	NEO861	RD	RD	RD	1.25282E-05	0.999776217	0.000211255
NEO	NEO624	RD	RD	RD	2.3475E-46	1	4.01266E-50
NEO	NEO568	RD	RD	RD	0.016991037	0.983008963	1.36372E-46
NEO	NEO260	RR	RR	RR	0.999961304	3.86962E-05	1.0062E-121
NEO	NEO194	RD	RD	RD	0.011761006	0.988238994	1.33397E-36
NEO	NEO509	RR	RR	RR	0.999980967	1.90328E-05	7.80354E-89
NEO	NEO120	RR	RR	RR	0.941118204	0.058881796	8.79543E-16
NEO	NEO122	RR	RR	RR	0.941098646	0.058901354	2.41864E-15
NEO	NEO117	RD	RR	RR	0.000211684	0.999788218	9.72814E-08
NEO	NEO64	RR	RR	RR	0.941122642	0.058877358	1.39365E-16
NEO	NEO212	RR	RR	RR	0.999999992	7.51009E-09	1.4434E-109
NEO	NEO78	RR	RR	RR	0.999984582	1.54177E-05	5.64956E-61
NEO	NEO921	RR	RR	RR	0.98439237	0.01560763	1.1462E-18
NEO	NEO912	RR	RR	RR	0.999023632	0.000976368	1.85456E-44
NEO	NEO910	RR	RR	RR	0.888795483	0.111204517	4.97047E-12
NEO	NEO737	RR	RR	RR	0.996050994	0.003949006	5.66313E-33
NEO	NEO747	RR	RR	RR	0.666360435	0.333333333	0.000306232
NEO	NEO683	RR	RR	RR	0.999001487	0.000998513	4.67325E-37
NEO	NEO586	RR	RR	RR	0.888169127	0.111830868	4.66855E-09
NEO	NEO732	RR	RR	RR	0.888687967	0.111312033	1.67406E-11
NEO	NEO65	RR	RR	RR	1	4.85092E-10	8.4876E-110
NEO	NEO650	RR	RR	RR	0.799922232	0.200077759	9.73424E-09
NEO	NEO657	RR	RR	RR	0.984447327	0.015552673	1.16694E-19
NEO	NEO658	RR	RR	RR	0.940758291	0.059241709	2.56436E-13
NEO	NEO669	RR	RR	RR	0.888097845	0.111902155	9.86168E-12
NEO	NEO72	RR	RR	RR	0.799922232	0.200077759	9.73424E-09
NEO	NEO687	RR	RR	RR	0.992212033	0.007787967	5.75845E-27
NEO	NEO695	RR	RR	RR	0.664832646	0.333333333	0.001834021
NEO	NEO717	RR	RR	RR	0.888752682	0.111247318	8.6259E-11
NEO	NEO649	RR	RR	RR	0.968908062	0.031091938	2.66996E-17
NEO	NEO870	RR	RR	RR	0.984332223	0.015667777	4.57083E-22
NEO	NEO87	RR	RR	RR	0.666360435	0.333333333	0.000306232
NEO	NEO865	RR	RR	RR	0.88863686	0.11136314	2.23355E-11
NEO	NEO646	RR	RR	RR	0.998041622	0.001958378	2.12994E-33
NEO	NEO36	RR	RR	RR	0.998271417	0.001728583	1.23938E-63
NEO	NEO281	RR	RR	RR	0.999999981	1.91596E-08	1.9815E-132
NEO	NEO23	RD	RR	RR	0.01438141	0.98561859	7.3051E-127
NEO	NEO521	RR	RR	RR	0.799329571	0.200670341	8.81917E-08
NEO	NEO925	RR	RR	RR	0.665001619	0.333333333	0.001665048
NEO	NEO93	RR	RR	RR	0.999999879	1.20829E-07	2.21179E-93
NEO	NEO938	RR	RR	RR	0.940921643	0.059078357	1.92314E-14
NEO	NEO942	RR	RR	RR	0.984529312	0.015470688	4.42973E-21
NEO	NEO943	RD	RR	RR	1.18362E-12	1	1.70282E-10
NEO	NEO946	RD	RR	RR	6.21754E-14	1	3.35093E-26
NEO	NEO951	RR	RR	RR	0.799613582	0.200386368	5.05939E-08
NEO	NEO960	RR	RR	RR	0.94054728	0.05945272	5.47904E-14
NEO	NEO878	RR	RR	RR	0.88883827	0.11116173	2.86411E-13
NEO	NEO875	RR	RR	RR	0.88865827	0.11134173	1.99916E-11
NEO	NEO923	RR	RR	RR	0.888472309	0.111527691	2.59573E-12
NEO	NEO119	RR	RR	RR	0.666360435	0.333333333	0.000306232
NEO	NEO806	RR	RR	RR	0.999873989	0.000126011	5.93178E-48
NEO	NEO823	RR	RR	RR	0.664636553	0.333333333	0.002030113
NEO	NEO855	RR	RR	RR	0.999992274	7.72584E-06	3.15777E-66
NEO	NEO860	RD	RR	RR	5.42318E-09	0.970535579	0.029464415
NEO	NEO748	RR	RR	RR	0.666360435	0.333333333	0.000306232
NEO	NEO815	RR	RR	RR	0.799410423	0.200588393	1.18318E-06
NEO	NEO753	RR	RR	RR	0.665181886	0.333333333	0.001484781
NEO	NEO751	RR	RR	RR	0.799193337	0.200804982	1.6809E-06
NEO	NEO39	RD	RR	RR	2.23078E-08	0.999999875	1.02501E-07
NEO	NEO503	RR	RR	RR	0.887605318	0.112394667	1.48163E-08
NEO	NEO514	RR	RR	RR	0.799922232	0.200077759	9.73424E-09
NEO	NEO516	RR	RR	RR	0.799852799	0.200147032	1.68924E-07
NEO	NEO187	RD	RR	RR	5.586E-09	0.99633886	0.003661134
NEO	NEO283	RR	RR	RR	0.799922232	0.200077759	9.73424E-09
NEO	NEO60	RR	RR	RR	0.996018403	0.003981597	5.8551E-27
NEO	NEO171	RR	RR	RR	0.940918744	0.059081256	7.9954E-17
NEO	NEO28	RR	RR	RR	0.998039101	0.001960899	4.36313E-35
NEO	NEO200	RR	RR	RR	0.984479912	0.015520088	2.30274E-21
NEO	NEO220	RR	RR	RR	0.984560722	0.015439278	7.43444E-23
NEO	NEO221	RR	RR	RR	0.799761371	0.200238598	3.10292E-08
NEO	NEO223	RR	RR	RR	0.798867781	0.201131846	3.72928E-07
NEO	NEO226	RR	RR	RR	0.999009613	0.000990387	1.57945E-38
NEO	NEO25	RR	RR	RR	0.969562939	0.030437061	4.99806E-19
NEO	NEO254	RR	RR	RR	0.666360435	0.333333333	0.000306232
NEO	NEO270	RR	RR	RR	0.666360435	0.333333333	0.000306232
NEO	NEO183	RR	RR	RR	0.665081534	0.333333333	0.001585132
NEO	NEO178	RD	RR	RR	0.001686241	0.998313759	4.72586E-15
NEO	NEO179	RD	RR	RR	0.000105662	0.998060559	0.001833779
NEO	NEO75	RR	RR	RR	0.799349452	0.200650462	8.55598E-08
NEO	NEO33	RR	RR	RR	0.664343786	0.333333333	0.00232288
NEO	NEO307	RR	RR	RR	0.996092576	0.003907424	1.38762E-29
NEO	NEO70	RD	RR	RR	0.007876871	0.992123129	2.8243E-105
NEO	NEO292	RR	RR	RR	0.799918005	0.200081975	1.94238E-08
NEO	NEO88	RR	RR	RR	0.999874859	0.000125141	5.46096E-46
NEO	NEO304	RR	RR	RR	0.992175273	0.007824727	5.43088E-25
NEO	NEO888	RR	RR	RR	0.666360435	0.333333333	0.000306232
NEO	NEO896	RR	RR	RR	0.796822625	0.20310226	7.51153E-05
NEO	NEO91	RR	RR	RR	0.514654009	0.485345991	7.10845E-41
NEO	NEO184	RR	RR	RR	0.992218198	0.007781802	1.27351E-30
NEO	NEO653	RR	RR	RR	0.996097349	0.003902651	1.74955E-31
NEO	NEO189	RR	RR	RR	0.984402097	0.015597903	9.97581E-20
NEO	NEO551	RR	RR	RR	0.888795483	0.111204517	4.97047E-12
NEO	NEO552	RR	RR	RR	0.7991884	0.200811493	1.0688E-07
NEO	NEO185	RR	RR	RR	0.969666442	0.030333558	9.55205E-21
NEO	NEO555	RD	RR	RR	2.09578E-19	1	8.11044E-29
NEO	NEO557	RD	RR	RR	0.453314416	0.546685584	4.72653E-38
NEO	NEO558	RR	RR	RR	0.999020171	0.000979829	1.31093E-38
NEO	NEO563	RR	RR	RR	0.996105581	0.003894419	8.34317E-35
NEO	NEO583	RR	RR	RR	0.940837899	0.059162101	1.69842E-15
NEO	NEO100	RR	RR	RR	0.799922232	0.200077759	9.73424E-09
NEO	NEO595	RR	RR	RR	0.941121181	0.058878819	2.78092E-16
NEO	NEO626	RR	RR	RR	0.888833062	0.111166938	1.1404E-12
NEO	NEO554	RD	RR	RR	0.000211592	0.99978672	1.6876E-06
NEO	NEO536	RR	RR	RR	0.799922232	0.200077759	9.73424E-09
NEO	NEO627	RR	RR	RR	0.66563627	0.333333333	0.001030397
RISE	RISE523	RD	RD	RD	2.1636E-22	1	3.06837E-57
RISE	RISE504	RD	RD	RD	4.85215E-20	1	1.53752E-39
RISE	RISE499	RD	RR	RR	0.066306032	0.933693968	2.16594E-41
RISE	RISE495	RD	RD	RD	7.42178E-25	1	1.64051E-69
RISE	RISE61	RR	RR	RR	0.968505011	0.031494989	2.31521E-51
RISE	RISE502	RD	RD	RD	9.85092E-10	0.999999999	5.06455E-42
RISE	RISE47	RD	RR	RR	0.099032175	0.900967825	5.64316E-17
RISE	RISE487	RD	RR	RR	0.010895814	0.989004999	9.91865E-05
RISE	RISE392	RR	RD	RD	0.650791972	0.349208028	3.16682E-64
RISE	RISE550	RD	RD	RD	0.002138798	0.997861202	4.76054E-23
RISE	RISE94	RD	RD	RD	5.29392E-07	0.999999471	6.53054E-62
RISE	RISE150	RD	RD	RD	3.82129E-69	1	4.6517E-173
RISE	RISE493	RR	RR	RR	1	7.57572E-13	4.156E-255
RISE	RISE98	RR	RR	RR	1	8.60999E-13	6.7004E-295
RISE	RISE395	RD	RD	RD	1.69508E-28	1	1.263E-150
RISE	RISE174	RR	RR	RR	1	9.75443E-13	1.1368E-266
RISE	RISE505	RR	RR	RR	1	5.90286E-18	1.3228E-292
RISE	RISE71	RD	RD	RD	1.56835E-05	0.999984316	9.82494E-56
RISE	RISE496	RD	RD	RD	7.85726E-39	1	4.89385E-52
RISE	RISE497	RR	RR	RR	1	6.74431E-18	0
RISE	RISE247	RD	RD	RD	1.30617E-13	0.999999999	1.25041E-09
RISE	RISE511	RR	RD	RD	0.978727444	0.021272556	1.2817E-156
RISE	RISE552	RR	RR	RR	0.999999998	2.2806E-09	6.2575E-253
RISE	RISE509	RR	RD	RD	0.799279678	0.200720322	2.9782E-161
RISE	RISE386	RR	RR	RR	0.700008821	0.299991179	5.13049E-74
RISE	RISE569	RD	RR	RR	0.176479088	0.823520912	3.78233E-55
RISE	RISE154	RR	RR	RR	0.664136622	0.333333333	0.002530044
RISE	RISE577	RD	RD	RD	4.03298E-14	1	1.8236E-44
RISE	RISE446	RR	RR	RR	0.969578636	0.030421364	1.7147E-18
RISE	RISE374	RR	RR	RR	0.888569179	0.111430821	6.19346E-12
RISE	RISE373	RR	RR	RR	0.969521001	0.030478999	3.52824E-19
RISE	RISE00	RR	RR	RR	0.999877371	0.000122629	2.63714E-51
RISE	RISE586	RR	RR	RR	0.798056373	0.201943116	5.11125E-07
RISE	RISE97	RR	RR	RR	0.998034086	0.001965914	7.08728E-34
RISE	RISE525	RR	RR	RR	0.799918005	0.200081975	1.94238E-08
RISE	RISE546	RD	RR	RR	0.11540136	0.88459864	5.17186E-12
RISE	RISE548	RR	RR	RR	0.998009433	0.001990567	1.17865E-31
RISE	RISE601	RR	RR	RR	0.941121404	0.058878596	2.78089E-16
RISE	RISE559	RR	RR	RR	0.666360435	0.333333333	0.000306232
RISE	RISE109	RR	RR	RR	0.969662943	0.030337057	7.59014E-20
RISE	RISE600	RR	RR	RR	0.992227006	0.007772994	4.79432E-27
RISE	RISE480	RR	RR	RR	0.799649515	0.200350439	4.58369E-08
RISE	RISE423	RR	RR	RR	0.940834964	0.059165036	6.76257E-15
RISE	RISE240	RR	RR	RR	0.941119721	0.058880279	5.5491E-16
RISE	RISE397	RR	RR	RR	0.996013423	0.003986577	1.5252E-27
RISE	RISE394	RD	RR	RR	0.003279401	0.996720599	5.17085E-13
RISE	RISE483	RR	RR	RR	0.940894988	0.059105012	3.94865E-14
RISE	RISE602	RR	RR	RR	0.984597913	0.015402087	8.74521E-54
RISE	RISE489	RD	RR	RR	0.000208199	0.98806465	0.011727151
RISE	RISE479	RR	RR	RR	0.998034099	0.001965901	1.39473E-35
RISE	RISE503	RR	RR	RR	0.572577197	0.427422803	2.63304E-41
RISE	RISE510	RR	RR	RR	0.888792878	0.111207122	9.91814E-12
RISE	RISE500	RR	RR	RR	0.999984292	1.57084E-05	1.17973E-56
RISE	RISE547	RR	RR	RR	0.969677252	0.030322748	3.47343E-21
VK	VK57	RR	RR	RR	0.666360435	0.333333333	0.000306232
VK	VK30	RR	RR	RR	0.996078989	0.003921011	1.80924E-29
VK	VK473	RR	RR	RR	0.999968961	3.10395E-05	4.15127E-53
VK	VK474	RR	RR	RR	0.999018091	0.000981909	6.85026E-36
VK	VK122	RR	RR	RR	0.999504293	0.000495707	4.87654E-42
VK	VK476	RR	RR	RR	0.799918005	0.200081975	1.94238E-08
VK	VK479	RR	RR	RR	0.999017216	0.000982784	1.08106E-37
VK	VK69	RR	RR	RR	0.996037761	0.003962239	5.85293E-27
VK	VK1	RR	RR	RR	0.999999968	3.18792E-08	0
VK	VK111	RR	RR	RR	0.999510641	0.000489359	1.12017E-42
VK	VK402	RD	RD	RD	2.67128E-10	1	2.56595E-28
VK	VK221	RR	RR	RR	0.940862989	0.059137011	2.51699E-35
VK	VK218	RD	RD	RD	3.25754E-11	0.977137315	0.022862685
VK	VK314	RD	RR	RR	0.001809484	0.987488629	0.010701887
VK	VK260	RD	RR	RR	0.448761738	0.551238262	9.10446E-32
VK	VK264	RR	RR	RR	0.998145225	0.001854775	5.28055E-56
VK	VK46	RR	RR	RR	0.999999378	6.22309E-07	1.535E-105
VK	VK31	RD	RR	RR	0.0525144	0.9474856	2.05062E-15
VK	VK308	RD	RR	RR	0.283216127	0.716783873	7.98081E-26
VK	VK301	RD	RR	RR	0.052579951	0.947420049	1.79411E-16
VK	VK477	RD	RR	RR	0.333155499	0.666844501	1.65527E-34
VK	VK478	RR	RR	RR	0.708727925	0.291272075	1.01629E-42
VK	VK48	RD	RR	RR	0.005515794	0.994274366	0.00020984
VK	VK284	RD	RR	RR	0.111061289	0.888938711	7.0781E-18
VK	VK487	RR	RR	RR	0.997827353	0.002172647	2.58387E-53
VK	VK34	RD	RR	RR	0.437669593	0.562330407	2.18033E-28
VK	VK390	RR	RR	RR	0.556905342	0.443094658	1.66517E-35
VK	VK75	RD	RR	RR	0.004110067	0.994065335	0.001824598
VK	VK177	RD	RR	RR	0.28261793	0.71738207	6.83934E-23
VK	VK147	RR	RR	RR	0.563900526	0.436099474	3.51876E-32
VK	VK544	RD	RD	RD	1.40166E-13	1	3.70469E-19
VK	VK170	RD	RR	RR	0.281138094	0.718861906	1.85872E-16
VK	VK60	RD	RR	RR	0.008814042	0.991185958	2.3378E-12
VK	VK201	RD	RR	RR	0.000353186	0.999646814	1.08317E-32
VK	VK95	RR	RR	RR	0.999999976	2.41664E-08	1.2387E-111
VK	VK108	RD	RR	RR	0.004975887	0.995024113	2.34742E-12
VK	VK489	RR	RR	RR	0.983637478	0.016362522	1.2044E-48
VK	VK160	RD	RR	RR	0.00483676	0.99516324	1.69497E-40
VK	VK56	RD	RR	RR	0.004735655	0.995264289	5.5807E-08
VK	VK138	RD	RR	RR	0.027033614	0.972966386	2.10759E-15
VK	VK167	RD	RD	RD	1.14256E-09	0.999999999	1.15904E-20
VK	VK154	RD	RR	RR	0.065390249	0.934609751	1.57725E-60
VK	VK555	RR	RR	RR	0.858364944	0.141635056	2.11788E-39
VK	VK6	RR	RR	RR	1	6.60543E-18	1.0547E-225
VK	VK203	RD	RR	RR	0.038431309	0.961568691	2.02319E-22
VK	VK151	RR	RR	RR	0.708440537	0.291559463	3.75026E-44
VK	VK146	RR	RR	RR	0.982408654	0.017591346	2.01574E-51
VK	VK492	RD	RD	RD	3.37229E-08	0.999999966	4.10952E-30
VK	VK273	RD	RR	RR	0.360246682	0.639753318	4.75183E-20
VK	VK256	RR	RR	RR	0.993937476	0.006062524	1.76149E-52
VK	VK114	DD	RR	RR	0.000198354	0.333333333	0.666468313
VK	VK529	RD	RR	RR	0.245967481	0.754032519	1.53968E-29
VK	VK527	RD	RR	RR	0.333122031	0.666877969	7.74161E-25
VK	VK25	RR	RR	RR	0.994824928	0.005175072	5.91858E-56
VK	VK237	RD	RR	RR	0.020383238	0.979616762	9.30469E-16
VK	VK404	RR	RR	RR	0.908690739	0.091309261	1.25636E-46
VK	VK245	RD	RD	RD	7.32204E-07	0.999577518	0.00042175
VK	VK514	RR	RR	RR	0.891567559	0.108432441	1.38547E-28
VK	VK241	RD	RR	RR	0.052494172	0.947505828	1.78283E-14
VK	VK361	RR	RR	RR	0.996087645	0.003912355	4.69813E-32
VK	VK150	RR	RR	RR	0.984553286	0.015446714	2.81764E-22
VK	VK174	RR	RR	RR	0.999021172	0.000978828	8.20583E-39
VK	VK176	RR	RR	RR	0.999999518	4.81627E-07	8.96825E-77
VK	VK204	RR	RR	RR	0.999022641	0.000977359	2.22479E-40
VK	VK414	RD	RR	RR	3.51563E-05	0.999964844	2.35244E-27
VK	VK459	RD	RR	RR	0.002616762	0.997375078	8.1602E-06
VK	VK456	RR	RR	RR	0.718258174	0.281741826	3.1054E-28
VK	VK542	RD	RR	RR	0.27266559	0.72733441	7.1009E-24
VK	VK397	RR	RR	RR	0.601341442	0.398658558	1.44134E-25
VK	VK265	RD	RR	RR	0.029362998	0.970637002	1.05399E-14
VK	VK262	RR	RR	RR	0.723290011	0.276709989	5.96189E-33
VK	VK349	RD	RR	RR	0.004449243	0.995550757	5.6672E-40
VK	VK403	RD	RD	RD	1.7307E-28	1	2.76298E-28
VK	VK536	RR	RR	RR	0.819133903	0.180866097	1.26612E-34
VK	VK118	RR	RR	RR	0.999999966	3.36828E-08	9.5907E-116
VK	VK493	RD	RD	RD	3.1109E-05	0.999968891	5.38941E-25
VK	VK532	RR	RR	RR	0.999989868	1.01324E-05	1.0916E-89
VK	VK127	RD	RR	RR	0.101256204	0.898743776	1.97886E-08
VK	VK53	RR	RR	RR	0.999998114	1.88648E-06	7.81238E-83
VK	VK417	RD	RR	RR	0.001121636	0.998878364	1.77364E-44
VK	VK42	RR	RR	RR	1	1.29278E-14	1.2675E-239
VK	VK422	RR	RR	RR	0.639174885	0.360825115	2.24948E-33
VK	VK365	RD	RR	RR	0.015412446	0.984587526	2.76283E-08
VK	VK358	RR	RR	RR	0.98807397	0.01192603	6.04484E-56
VK	VK258	RR	RR	RR	0.765282796	0.234717204	4.25022E-39
VK	VK20	RD	RR	RR	0.015149759	0.984850241	3.24414E-11
VK	VK40	RR	RR	RR	0.999999586	4.13663E-07	8.9789E-113
VK	VK187	RD	RD	RD	1.97859E-11	1	3.47279E-41
VK	VK475	RR	RR	RR	0.998875461	0.001124539	3.1166E-99
VK	VK481	RD	RD	RD	1.73304E-07	0.999999827	3.66605E-31
VK	VK145	RD	RR	RR	6.94208E-06	0.999993058	1.80117E-44
VK	VK491	RD	RD	RD	3.08513E-10	1	5.89111E-29
VK	VK520	RD	RD	RD	0.068161892	0.931838108	2.84353E-39
VK	VK511	RD	RD	RD	0.000623757	0.999376243	4.98732E-36
VK	VK521	RD	RD	RD	0.204874146	0.795125854	3.55651E-68
VK	VK531	RD	RR	RR	0.166361361	0.833638639	6.62803E-44
VK	VK539	RD	RD	RD	0.00062705	0.99937295	5.13586E-29
VK	VK433	RR	RD	RD	0.571262385	0.428737615	3.29983E-59
VK	VK99	RD	RD	RD	0.093083147	0.906916853	9.89112E-51
VK	VK553	RD	RD	RD	0.000296258	0.999703742	3.64851E-21
VK	VK548	RD	RD	RD	0.315023814	0.684976186	4.78515E-56
VK	VK143	RD	RD	RD	0.000261451	0.999738549	6.82928E-28
VK	VK406	RD	RD	RD	1.23131E-18	1	6.27607E-17
VK	VK468	RD	RD	RD	6.23965E-21	1	4.25292E-44
VK	VK442	RD	RD	RD	0.003254973	0.996745027	1.00682E-41
VK	VK497	RD	RD	RD	5.24429E-08	0.999999948	7.27116E-21
VK	VK506	RD	RD	RD	8.20067E-06	0.999991799	6.17678E-32
VK	VK29	RD	RD	RD	7.99447E-65	1	6.2053E-151
VK	VK70	RR	RR	RR	1	4.58019E-13	0
VK	VK58	RD	RD	RD	1.82427E-89	1	8.39286E-20
VK	VK50	RR	RR	RR	1	8.85862E-22	0
VK	VK166	RR	RR	RR	0.997275918	0.002724082	3.6143E-166
VK	VK541	RD	RD	RD	1.17759E-33	1	2.62717E-43
VK	VK190	RR	RR	RR	0.99960222	0.00039778	1.4733E-161
VK	VK165	RD	RD	RD	0.05123034	0.94876966	5.45219E-39
VK	VK415	RD	RD	RD	2.37013E-18	1	1.08925E-10
VK	VK551	RD	RD	RD	4.29214E-25	1	1.34843E-13
VK	VK102	RR	RR	RR	1	8.31582E-16	0
VK	VK156	RD	RD	RD	2.32662E-11	1	1.72882E-13
VK	VK522	RR	RR	RR	0.999991067	8.93349E-06	9.0711E-156
VK	VK525	RD	RD	RD	9.08613E-07	0.999999091	7.47554E-14
VK	VK51	RD	RD	RD	4.8944E-16	1	1.47524E-28
VK	VK207	RD	RD	RD	1.65674E-09	0.997337005	0.002662993
VK	VK482	RD	RD	RD	1.30743E-09	0.999999999	1.05148E-18
VK	VK547	RD	RD	RD	0.094308917	0.905691083	1.22837E-49
VK	VK84	RD	RD	RD	7.68465E-08	0.999999923	4.06185E-26
VK	VK357	RR	RR	RR	0.818217881	0.181782119	2.77724E-61
VK	VK330	RR	RR	RR	0.807946471	0.192053529	7.26154E-38
VK	VK362	RD	RR	RR	0.058894682	0.941105318	4.06348E-15
VK	VK329	RR	RR	RR	0.93444636	0.06555364	1.86167E-28
VK	VK325	RD	RR	RR	0.026826848	0.973173152	1.2941E-17
VK	VK324	RR	RR	RR	0.755735864	0.244264136	1.01944E-22
VK	VK430	RD	RR	RR	0.011727151	0.98806465	0.000208199
VK	VK455	RD	RD	RD	4.74888E-22	0.999813745	0.000186255
VK	VK33	RR	RR	RR	0.874296765	0.125703235	1.01896E-37
VK	VK355	RR	RR	RR	0.597777762	0.402222238	2.57766E-30
VK	VK398	RD	RD	RD	2.07999E-18	1	7.71391E-30
VK	VK394	RR	RR	RR	0.612556194	0.387443806	8.78064E-35
VK	VK399	RR	RR	RR	0.99870335	0.00129665	1.25642E-70
VK	VK392	RD	RR	RR	0.001325748	0.998674252	1.72271E-42
VK	VK540	RD	RR	RR	0.074085027	0.925914973	2.31887E-18
VK	VK552	RD	RD	RD	2.34791E-14	1	1.03944E-14
VK	VK184	RD	RR	RR	0.149670864	0.850329136	3.06359E-21
VK	VK396	RR	RR	RR	0.999689782	0.000310218	1.08163E-65
VK	VK202	RR	RR	RR	0.98457233	0.01542767	1.85183E-23
VK	VK352	RR	RR	RR	0.857374949	0.142625051	1.37587E-40
VK	VK343	RR	RR	RR	0.980305685	0.019694315	1.55914E-40
VK	VK219	RD	RD	RD	0.093091366	0.906908634	3.49857E-55
VK	VK274	RD	RD	RD	0.005660324	0.994339676	1.5126E-40
VK	VK98	RR	RR	RR	1	3.18019E-11	2.7447E-185
VK	VK303	RD	RD	RD	8.67982E-05	0.999913202	4.08931E-11
VK	VK346	RD	RR	RR	0.000106343	0.999893657	4.37637E-50
VK	VK327	RR	RR	RR	0.980685603	0.019314397	1.21182E-64
VK	VK328	RD	RD	RD	0.002022935	0.997977065	4.40873E-26
VK	VK129	RR	RR	RR	0.999945995	5.40048E-05	7.78312E-81
VK	VK332	RD	RD	RD	0.003098639	0.996901361	5.7336E-32
VK	VK323	RD	RD	RD	3.53958E-25	1	6.75678E-22
VK	VK444	RD	RR	RR	0.099459002	0.900540998	3.18651E-20
VK	VK443	RR	RR	RR	0.560450361	0.439549639	1.90562E-31
VK	VK336	RR	RR	RR	0.925540626	0.074459374	9.3E-42
VK	VK337	RR	RR	RR	0.855576651	0.144423349	7.78833E-31
VK	VK344	RD	RD	RD	2.49146E-07	0.999999751	1.65313E-30
VK	VK338	RD	RR	RR	0.002911716	0.997086602	1.68247E-06
VK	VK342	RD	RD	RD	0.000313068	0.999686932	3.96951E-18
VK	VK139	RR	RR	RR	0.799918005	0.200081975	1.94238E-08
VK	VK178	RR	RR	RR	0.999023249	0.000976751	2.94274E-41
VK	VK128	RR	RR	RR	0.969538565	0.030461435	1.52005E-19
VK	VK538	RR	RR	RR	0.999009249	0.000990751	4.15439E-36
VK	VK418	RR	RR	RR	0.999507596	0.000492404	4.20374E-39
VK	VK44	RR	RR	RR	0.940890019	0.059109981	8.75717E-15
VK	VK71	RR	RR	RR	0.799918005	0.200081975	1.94238E-08
VK	VK458	RR	RR	RR	0.666360435	0.333333333	0.000306232
VK	VK454	RD	RR	RR	0.000422288	0.999577518	1.94066E-07
VK	VK450	RR	RR	RR	0.666360435	0.333333333	0.000306232
VK	VK45	RR	RR	RR	0.666360435	0.333333333	0.000306232
VK	VK449	RR	RR	RR	0.99987673	0.00012327	2.354E-48
VK	VK448	RR	RR	RR	0.999996159	3.84089E-06	1.16975E-70
VK	VK445	RD	RR	RR	1.18336E-11	0.999996692	3.30787E-06
VK	VK434	RR	RR	RR	0.799918005	0.200081975	1.94238E-08
VK	VK429	RR	RR	RR	0.999998046	1.95419E-06	3.55644E-66
VK	VK92	RR	RR	RR	0.799918005	0.200081975	1.94238E-08
VK	VK410	RR	RR	RR	0.799918005	0.200081975	1.94238E-08
VK	VK101	RR	RR	RR	0.999999514	4.8553E-07	1.91135E-80
VK	VK460	RR	RR	RR	0.799609318	0.200390581	1.00955E-07
VK	VK554	RD	RR	RR	8.90261E-08	0.999999909	2.24845E-09
VK	VK504	RR	RR	RR	0.999753408	0.000246592	4.8048E-46
VK	VK428	RR	RR	RR	0.798640733	0.201346612	1.26548E-05
VK	VK427	RR	RR	RR	0.799288632	0.200711076	2.92159E-07
VK	VK425	RR	RR	RR	0.799918005	0.200081975	1.94238E-08
VK	VK420	RR	RR	RR	0.99950372	0.00049628	1.2054E-40
VK	VK419	RR	RR	RR	0.998039762	0.001960238	9.26555E-33
VK	VK461	RR	RR	RR	0.941097185	0.058902815	4.8262E-15
VK	VK517	RR	RR	RR	0.984589182	0.015410818	5.94142E-25
VK	VK408	RR	RR	RR	0.799852799	0.200147032	1.68924E-07
VK	VK516	RR	RR	RR	0.941140733	0.058859267	1.01129E-16
VK	VK513	RR	RR	RR	0.99975443	0.00024557	1.20572E-46
VK	VK512	RR	RR	RR	0.996089867	0.003910133	1.01696E-31
VK	VK510	RR	RR	RR	0.998046502	0.001953498	3.65857E-35
VK	VK509	RR	RR	RR	0.999020601	0.000979399	1.11733E-38
VK	VK508	RR	RR	RR	0.99901365	0.00098635	7.59799E-37
VK	VK507	RR	RR	RR	0.992206886	0.007793114	5.41177E-26
VK	VK505	RR	RR	RR	0.999874252	0.000125748	1.43581E-44
VK	VK515	RR	RR	RR	0.664277656	0.333333333	0.002389011
VK	VK94	RR	RR	RR	0.666360435	0.333333333	0.000306232
VK	VK401	RR	RR	RR	0.998042003	0.001957997	1.47725E-35
VK	VK400	RR	RR	RR	0.999009294	0.000990706	1.46352E-34
VK	VK227	RR	RR	RR	0.984375851	0.015624149	2.81149E-20
VK	VK225	RR	RR	RR	0.799918005	0.200081975	1.94238E-08
VK	VK223	RR	RR	RR	0.984527454	0.015472546	4.47505E-23
VK	VK220	RR	RR	RR	0.99902244	0.00097756	1.40462E-39
VK	VK463	RR	RR	RR	0.940987961	0.059012039	8.3679E-15
VK	VK123	RR	RR	RR	0.992206409	0.007793591	3.33111E-26
VK	VK545	RR	RR	RR	0.969653331	0.030346669	2.62745E-19
VK	VK23	RR	RR	RR	0.799382338	0.200617501	1.60906E-07
VK	VK469	RD	RR	RR	0.000209581	0.993293341	0.006497078
VK	VK534	RR	RR	RR	0.999875856	0.000124144	5.97785E-45
VK	VK533	RR	RR	RR	0.999416728	0.000583272	9.03763E-83
VK	VK110	RR	RR	RR	0.998998052	0.001001948	1.43188E-33
VK	VK530	RR	RR	RR	0.941085834	0.058914166	2.05259E-16
VK	VK528	RR	RR	RR	0.888833062	0.111166938	1.1404E-12
VK	VK549	RR	RR	RR	0.999992302	7.69828E-06	9.57232E-65
VK	VK526	RD	RR	RR	0.177006809	0.822993191	1.9646E-37
VK	VK535	RR	RR	RR	0.999747703	0.000252297	2.41275E-42
VK	VK87	RD	RR	RR	5.92645E-25	1	2.1952E-13
VK	VK230	RR	RR	RR	0.999019975	0.000980025	6.70195E-39
VK	VK395	RR	RR	RR	0.98443355	0.01556645	5.29159E-22
VK	VK90	RR	RR	RR	0.888627311	0.111372689	4.60847E-11
VK	VK550	RR	RR	RR	0.999992249	7.75114E-06	4.64794E-60
VK	VK537	RD	RR	RR	9.41325E-12	0.999999224	7.76475E-07
VK	VK214	RR	RR	RR	0.665314066	0.333333333	0.001352601
VK	VK543	RR	RR	RR	0.996102578	0.003897422	3.98167E-32
VK	VK480	RR	RR	RR	0.992178322	0.007821678	8.78252E-24
VK	VK483	RR	RR	RR	0.99993836	6.16401E-05	6.06043E-53
VK	VK393	RD	RR	RR	0.097509143	0.902490857	1.49475E-37
VK	VK496	RR	RR	RR	0.999010256	0.000989744	1.03767E-34
VK	VK490	RD	RR	RR	1.69809E-07	0.961370061	0.03862977
VK	VK488	RR	RR	RR	0.992178787	0.007821213	4.82769E-25
VK	VK64	RR	RR	RR	0.888544318	0.111455682	6.42138E-11
VK	VK486	RR	RR	RR	0.999984412	1.5588E-05	1.31203E-55
VK	VK65	RR	RR	RR	0.941069801	0.058930199	2.78851E-14
VK	VK484	RR	RR	RR	0.998039671	0.001960329	2.51799E-34
VK	VK498	RR	RR	RR	0.992201201	0.007798799	6.46005E-26
VK	VK495	RR	RR	RR	0.998026012	0.001973988	2.17726E-33
VK	VK524	RD	RR	RR	8.89749E-08	0.99999991	8.51613E-10
VK	VK431	RR	RR	RR	0.657276995	0.333333333	0.009389671
VK	VK369	RR	RR	RR	0.940848837	0.059151163	1.29364E-13
VK	VK24	RR	RR	RR	0.666360435	0.333333333	0.000306232
VK	VK238	RR	RR	RR	0.999022185	0.000977815	3.86155E-39
VK	VK205	RR	RR	RR	0.999508216	0.000491784	6.27118E-43
VK	VK172	RR	RR	RR	0.999999878	1.22473E-07	5.20292E-84
VK	VK171	RR	RR	RR	0.799918005	0.200081975	1.94238E-08
VK	VK17	RR	RR	RR	0.888821768	0.111178232	3.60745E-12
VK	VK168	RR	RR	RR	0.999875658	0.000124342	3.62858E-50
VK	VK141	RR	RR	RR	0.984601475	0.015398525	1.48113E-24
VK	VK175	RR	RR	RR	0.999009007	0.000990993	2.31799E-37
VK	VK159	RR	RR	RR	0.888792878	0.111207122	9.91814E-12
VK	VK354	RR	RR	RR	0.941110987	0.058889013	2.21016E-15
VK	VK290	RR	RR	RR	0.999507435	0.000492565	1.71051E-41
VK	VK350	RR	RR	RR	0.999996176	3.8236E-06	5.38826E-74
VK	VK291	RR	RR	RR	0.999019389	0.000980611	4.61241E-38
VK	VK287	RR	RR	RR	0.799918005	0.200081975	1.94238E-08
VK	VK240	RR	RR	RR	0.992240454	0.007759546	4.97645E-29
VK	VK236	RR	RR	RR	0.996080458	0.003919542	1.57586E-29
VK	VK254	RR	RR	RR	0.798351524	0.201628763	1.97132E-05
VK	VK257	RR	RR	RR	0.996072974	0.003927026	4.88669E-28
VK	VK19	RR	RR	RR	0.992102797	0.007897203	8.15087E-25
VK	VK186	RR	RR	RR	0.798526801	0.201471992	1.20788E-06
VK	VK183	RD	RR	RR	2.24329E-07	0.999999776	7.11655E-14
VK	VK179	RD	RR	RR	0.026307505	0.973692495	2.28823E-30
VK	VK27	RR	RR	RR	0.799357606	0.200641089	1.30427E-06
VK	VK35	RR	RR	RR	0.992235209	0.007764791	1.88596E-27
VK	VK363	RR	RR	RR	0.984541836	0.015458164	2.03252E-23
VK	VK297	RR	RR	RR	0.941097185	0.058902815	4.8262E-15
VK	VK18	RR	RR	RR	0.940992677	0.059007323	6.50714E-15
VK	VK155	RR	RR	RR	0.888833062	0.111166938	1.1404E-12
VK	VK157	RR	RR	RR	0.999992244	7.75573E-06	5.34101E-62
VK	VK266	RR	RR	RR	0.999019277	0.000980723	2.2884E-38
VK	VK353	RR	RR	RR	0.999014488	0.000985512	1.64897E-34
VK	VK263	RD	RR	RR	0.040775965	0.959224035	7.61944E-24
VK	VK261	RR	RR	RR	0.999019865	0.000980135	8.12513E-40
VK	VK259	RR	RR	RR	0.992238076	0.007761924	2.73014E-28
VK	VK173	RR	RR	RR	0.999999756	2.44478E-07	2.88999E-82
VK	VK281	RR	RR	RR	0.984437958	0.015562042	4.63284E-22
VK	VK280	RR	RR	RR	0.969649968	0.030350032	8.31156E-19
VK	VK279	RR	RR	RR	0.999984679	1.53209E-05	3.11137E-65
VK	VK335	RD	RR	RR	1.25817E-14	1	3.5674E-15
VK	VK334	RR	RR	RR	0.799341187	0.200657471	1.34192E-06
VK	VK333	RR	RR	RR	0.999019632	0.000980368	6.37362E-38
VK	VK364	RR	RR	RR	0.96962894	0.03037106	1.58976E-20
VK	VK367	RR	RR	RR	0.984603	0.015397	5.89471E-25
VK	VK380	RR	RR	RR	0.888367338	0.111632661	2.54116E-10
VK	VK389	RR	RR	RR	0.999873802	0.000126198	1.80338E-44
VK	VK345	RR	RR	RR	0.999877375	0.000122625	1.58071E-50
VK	VK388	RD	RR	RR	0.051178138	0.948821862	1.94172E-32
VK	VK386	RR	RR	RR	0.999753442	0.000246558	7.62203E-47
VK	VK385	RR	RR	RR	0.996103713	0.003896287	1.44818E-32
VK	VK384	RR	RR	RR	0.996091069	0.003908931	1.43028E-30
VK	VK368	RR	RR	RR	0.799899678	0.20010026	6.14431E-08
VK	VK373	RD	RR	RR	0.001686837	0.998313163	2.16426E-15
VK	VK372	RR	RR	RR	0.999021839	0.000978161	1.68301E-38
VK	VK370	RR	RR	RR	0.941133395	0.058866605	4.02757E-16
VK	VK387	RD	RR	RR	2.47571E-15	0.999999996	4.27805E-09
VK	VK405	RR	RR	RR	0.992217797	0.007782203	2.45337E-25
VK	VK348	RR	RR	RR	0.996073642	0.003926358	8.86107E-30
VK	VK366	RR	RR	RR	0.969612634	0.030387366	1.05384E-18
VK	VK278	RR	RR	RR	0.888310214	0.111689785	9.26591E-10
VK	VK276	RR	RR	RR	0.664688427	0.333333333	0.001978239
VK	VK275	RR	RR	RR	0.799918005	0.200081975	1.94238E-08
VK	VK296	RD	RR	RR	4.40325E-08	0.999984968	1.49881E-05
VK	VK326	RR	RR	RR	0.999996056	3.94384E-06	6.30261E-66
VK	VK312	RR	RR	RR	0.799918005	0.200081975	1.94238E-08
VK	VK322	RR	RR	RR	0.999016689	0.000983311	9.79736E-36
VK	VK295	RR	RR	RR	0.984597042	0.015402958	4.07226E-24
VK	VK320	RR	RR	RR	0.999022619	0.000977381	4.05935E-40
VK	VK317	RR	RR	RR	0.998043038	0.001956962	1.13899E-34
VK	VK306	RR	RR	RR	0.799918005	0.200081975	1.94238E-08
VK	VK134	RD	RR	RR	1.77938E-07	0.999999822	4.60615E-14
VK	VK300	RR	RR	RR	0.799918005	0.200081975	1.94238E-08
VK	VK234	RR	RR	RR	0.992232692	0.007767308	6.52861E-27
VK	VK288	RR	RR	RR	0.969675706	0.030324294	6.93149E-21
VK	VK294	RR	RR	RR	0.984604419	0.015395581	1.86355E-25
VK	VK319	RD	RR	RR	0.000207765	0.98642027	0.013371965
VK	VK523	RR	RR	RR	0.992209825	0.007790175	6.63457E-26