Assigned	Sample	No_filter	Permissive_filter	Strict_filter	pRR_Data_n	pRD_Data_n	pDD_Data_n
BOTAI	DA336	RR	RR	RR	0.888749098	0.111250902	4.04879E-12
BOTAI	DA341	RR	RR	RR	0.984589775	0.015410225	5.00099E-24
BOTAI	RISE718	RR	RR	RR	0.99222178	0.00777822	1.19325E-26
BOTAI	DA337	RR	RR	RR	0.996098621	0.003901379	9.89782E-32
BOTAI	RISE684	RR	RR	RR	0.88836421	0.11163579	3.23929E-10
BOTAI	DA340	RR	RR	RR	0.940413646	0.059586354	1.13887E-13
BOTAI	DA342	RR	RR	RR	0.984519959	0.015480041	6.20724E-23
BOTAI	DA343	RD	RR	RR	0.000420729	0.999577518	1.75304E-06
BOTAI	DA246	RR	RR	RR	0.999998054	1.9463E-06	8.41636E-73
BOTAI	RISE674	RR	RR	RR	0.99999214	7.86011E-06	4.26734E-60
BOTAI	RISE683	RR	RR	RR	0.992240938	0.007759062	1.61812E-29
BOTAI	RISE681	RR	RR	RR	0.888513075	0.111486925	9.1799E-12
BOTAI	MA2210	RR	RR	RR	0.663724048	0.333333333	0.002942619
BOTAI	MA2213	RR	RR	RR	0.941074629	0.058925371	1.04868E-14
BOTAI	RISE516	RR	RR	RR	0.984600683	0.015399317	9.61243E-25
BOTAI	RISE662	RR	RR	RR	0.940711086	0.059288914	8.08659E-14
BOTAI	RISE664	RR	RR	RR	0.999999998	1.89766E-09	1.2876E-111
BOTAI	RISE670	RR	RR	RR	0.887492281	0.112507717	2.19488E-09
BOTAI	RISE672	RR	RR	RR	0.941056906	0.058943094	1.9932E-15
BOTAI	RISE680	RR	RR	RR	0.999877714	0.000122286	1.00439E-53
BOTAI	MA2203	RD	RD	RD	4.64316E-05	0.999533161	0.000420408
BOTAI	BOT14	RD	RD	RD	2.10005E-50	1	8.67999E-53
BOTAI	BOT2016	RD	RD	RD	1.5801E-195	1	9.1134E-219
BOTAI	MA2212	RR	RR	RR	0.888511719	0.111488281	1.15573E-11
BOTAI	RISE675	RR	RR	RR	0.666270077	0.333333333	0.000396589
BOTAI	RISE719	RR	RR	RR	0.969579543	0.030420457	8.8463E-20
BOTAI	DA245	RR	RR	RR	0.999999042	9.58094E-07	5.40345E-80
BOTAI	Yamnaya	RR	RR	RR	1	5.1264E-38	0
BOTAI	RISE667	RR	RR	RR	0.887469637	0.112530363	3.53957E-11
BOTAI	EBA2	RR	RR	RR	1	1.87722E-12	1.2409E-218
BOTAI	EBA1	RR	RR	RR	0.999992302	7.69848E-06	2.3555E-100
BOTAI	RISE677	RR	RR	RR	0.797711791	0.202287606	6.02137E-07
BOTAI	BOT15	RR	RR	RR	0.999999514	4.85807E-07	3.1651E-118
BOTAI	MA2205	RR	RR	RR	0.984594141	0.015405859	2.71912E-24
BOTAI	MA2200	RR	RR	RR	0.999996032	3.96756E-06	3.017E-62
BOTAI	MA2198	RR	RR	RR	0.888811765	0.111188235	3.71108E-12
BOTAI	DA334	RR	RR	RR	0.888766223	0.111233777	2.81968E-12
BOTAI	DA381	RR	RR	RR	0.984590339	0.015409661	5.63198E-25
BOTAI	DA252	RR	RR	RR	0.9922291	0.0077709	8.20859E-27
BOTAI	DA359	RR	RR	RR	0.969354434	0.030645566	1.16646E-18
BOTAI	DA361	RR	RR	RR	0.940466657	0.059533343	1.89442E-14
BOTAI	DA362	RR	RR	RR	0.996057845	0.003942155	4.34346E-29
BOTAI	DA253	RR	RR	RR	0.999969142	3.08585E-05	3.36345E-59
BOTAI	DA248	RR	RR	RR	0.999996167	3.83298E-06	1.06377E-70
BOTAI	DA249	RR	RR	RR	0.999999985	1.54365E-08	5.1421E-95
BOTAI	DA251	RR	RR	RR	0.66595585	0.333333333	0.000710816
BOTAI	MA2195	RR	RR	RR	0.941134737	0.058865263	8.2639E-17
NEO	NEO188	RR	RR	RR	0.666270077	0.333333333	0.000396589
NEO	NEO184	RR	RR	RR	0.888468342	0.111531658	6.52093E-12
NEO	NEO202	RR	RR	RR	0.999751287	0.000248713	1.41621E-48
NEO	NEO261	RR	RR	RR	0.999937782	6.22176E-05	4.75531E-56
NEO	NEO260	RR	RR	RR	0.999999998	1.89928E-09	1.6789E-117
NEO	NEO226	RR	RR	RR	0.888082182	0.111917818	3.92779E-11
NEO	NEO552	RR	RR	RR	0.658682635	0.333333333	0.007984032
NEO	NEO212	RR	RR	RR	0.99999807	1.93028E-06	2.51261E-78
NEO	NEO121	RR	RR	RR	0.940775348	0.059224652	1.51103E-13
NEO	NEO123	RR	RR	RR	0.664208658	0.333333333	0.002458009
NEO	NEO254	RR	RR	RR	0.887814189	0.112185794	1.7214E-08
NEO	NEO192	RR	RR	RR	0.888820914	0.111179086	9.31931E-13
NEO	NEO18	RR	RR	RR	1	3.76283E-12	4.4879E-148
NEO	NEO223	RR	RR	RR	0.665708659	0.333333333	0.000958007
NEO	NEO194	RR	RR	RR	0.998032012	0.001967988	7.86799E-32
NEO	NEO816	RR	RR	RR	0.941168389	0.058831611	1.16245E-18
NEO	NEO538	RR	RR	RR	0.999969066	3.09339E-05	1.77713E-57
NEO	NEO304	RR	RR	RR	0.992216907	0.007783093	1.9163E-28
NEO	NEO302	RR	RR	RR	0.999984295	1.57052E-05	5.03311E-57
NEO	NEO300	RR	RR	RR	0.999018328	0.000981672	7.77426E-43
NEO	NEO283	RR	RR	RR	0.941072146	0.058927854	5.88388E-15
NEO	NEO116	RR	RR	RR	0.999998932	1.06846E-06	5.4925E-150
NEO	NEO28	RR	RR	RR	0.996094895	0.003905105	9.02504E-33
NEO	NEO537	RR	RR	RR	0.657276995	0.333333333	0.009389671
NEO	NEO514	RR	RR	RR	0.664343786	0.333333333	0.00232288
NEO	NEO507	RR	RR	RR	0.88874254	0.11125746	2.17431E-12
NEO	NEO503	RR	RR	RR	0.798060824	0.201938919	2.56151E-07
NEO	NEO502	RR	RR	RR	0.992174383	0.007825617	6.35985E-28
NEO	NEO305	RR	RR	RR	0.999752722	0.000247278	8.25505E-49
NEO	NEO558	RR	RR	RR	0.984565162	0.015434838	1.05356E-24
NEO	NEO309	RD	RD	RD	1.25203E-16	1	1.84924E-11
NEO	NEO509	RR	RR	RR	0.99987678	0.00012322	4.35637E-52
NEO	NEO142	RR	RR	RR	0.96964291	0.03035709	1.43387E-19
NEO	NEO943	RD	RD	RD	2.57881E-28	1	1.00626E-15
NEO	NEO174	RR	RR	RR	0.99610521	0.00389479	4.30158E-35
NEO	NEO624	RD	RD	RD	8.94157E-42	1	7.48255E-15
NEO	NEO759	RD	RD	RD	5.52217E-20	1	2.753E-30
NEO	NEO898	RD	RD	RD	1.79681E-28	1	5.2489E-29
NEO	NEO749	RD	RD	RD	8.21486E-12	1	5.85306E-19
NEO	NEO559	RD	RD	RD	6.06734E-05	0.999410434	0.000528893
NEO	NEO860	RD	RR	RR	0.013674499	0.986325495	5.52281E-09
NEO	NEO292	RD	RD	RD	1.17288E-05	0.999988243	2.80767E-08
NEO	NEO625	DD	RD	RD	0.002766252	0.333333333	0.663900415
NEO	NEO115	RD	RD	RD	1.04312E-20	1	1.10184E-19
NEO	NEO307	RR	RR	RR	0.888690035	0.111309965	1.22182E-12
NEO	NEO27	RD	RD	RD	5.97387E-29	1	2.45899E-24
NEO	NEO306	RD	RD	RD	2.76771E-13	1	2.91417E-29
NEO	NEO870	RD	RD	RR	6.31208E-06	0.999993688	1.33065E-11
NEO	NEO735	DD	DD	RR	8.88965E-12	0.112525098	0.887474902
NEO	NEO185	RD	RD	RD	7.37966E-15	0.999999955	4.45906E-08
NEO	NEO570	RD	RD	RD	1.61178E-18	1	9.38238E-29
NEO	NEO79	RD	RD	RR	3.28871E-14	0.999999822	1.7801E-07
NEO	NEO17	RR	RR	RR	0.99998469	1.53098E-05	3.44643E-67
NEO	NEO166	RR	RR	RR	0.99998465	1.53499E-05	8.56264E-65
NEO	NEO160	RR	RR	RR	0.941107612	0.058892388	2.33801E-16
NEO	NEO143	RR	RR	RR	0.665742025	0.333333333	0.000924642
NEO	NEO539	RR	RR	RR	0.66583229	0.333333333	0.000834376
NEO	NEO732	RD	RR	RR	0.016324412	0.983571845	0.000103744
NEO	NEO147	RR	RR	RR	0.888741544	0.111258456	8.96781E-13
NEO	NEO171	RD	RD	RD	8.90446E-18	1	2.48115E-16
NEO	NEO912	RD	RD	RR	3.66123E-15	0.999999873	1.27373E-07
NEO	NEO225	RD	RD	RD	1.39197E-40	1	5.07214E-56
NEO	NEO158	DD	RR	RR	0.006872852	0.333333333	0.659793814
NEO	NEO746	DD	DD	RR	1.0688E-07	0.200811493	0.7991884
NEO	NEO67	DD	DD	RR	3.14603E-12	0.111614898	0.888385102
NEO	NEO224	DD	DD	RR	2.20204E-07	0.20166742	0.798332359
NEO	NEO555	DD	DD	DD	5.4691E-31	0.007759527	0.992240473
NEO	NEO560	RR	RR	RR	0.996102847	0.003897153	1.26289E-35
NEO	NEO310	RR	RR	RR	0.99214815	0.00785185	4.65737E-28
NEO	NEO938	RD	RD	RR	0.000209245	0.999788218	2.53631E-06
NEO	NEO918	RD	RR	RR	0.000421573	0.999570795	7.63256E-06
NEO	NEO917	RR	RR	RR	0.999992135	7.86542E-06	3.70917E-66
NEO	NEO911	RR	RR	RR	0.999999518	4.81826E-07	2.7293E-85
NEO	NEO91	RR	RR	RR	0.999005533	0.000994467	8.11697E-40
NEO	NEO847	RR	RR	RR	0.992230114	0.007769886	1.78924E-28
NEO	NEO853	RR	RR	RR	0.999023539	0.000976461	9.56176E-45
NEO	NEO855	RR	RR	RR	0.999938815	6.11848E-05	2.99679E-58
NEO	NEO856	RR	RR	RR	0.665742025	0.333333333	0.000924642
NEO	NEO861	RR	RR	RR	0.888824871	0.111175129	3.70965E-13
NEO	NEO88	RR	RR	RR	0.999969335	3.06645E-05	2.36216E-58
NEO	NEO792	RR	RR	RR	0.798060824	0.201938919	2.56151E-07
NEO	NEO598	RR	RR	RR	0.996092736	0.003907264	4.69421E-31
NEO	NEO812	RR	RR	RR	0.999999998	1.90694E-09	2.0894E-114
NEO	NEO813	RR	RR	RR	0.999999996	3.79959E-09	4.1744E-112
NEO	NEO791	RR	RR	RR	0.999969411	3.0589E-05	6.53536E-66
NEO	NEO886	RR	RR	RR	0.7991884	0.200811493	1.0688E-07
NEO	NEO93	RR	RR	RR	0.999876301	0.000123699	7.92757E-52
NEO	NEO646	RR	RR	RR	0.969687673	0.030312327	1.00332E-22
NEO	NEO36	RR	RR	RR	0.999751367	0.000248633	5.99418E-46
NEO	NEO281	RR	RR	RR	0.99999976	2.40395E-07	2.60262E-89
NEO	NEO23	RD	RD	RD	5.93064E-30	1	8.46055E-26
NEO	NEO498	RR	RR	RR	0.998045189	0.001954811	6.7107E-38
NEO	NEO907	RD	RD	RR	0.000423084	0.999576916	1.00187E-11
NEO	NEO73	RR	RR	RR	0.969669903	0.030330097	1.42316E-20
NEO	NEO921	RR	RR	RR	0.941022025	0.058977975	1.23068E-15
NEO	NEO946	RR	RR	RR	0.992207988	0.007792012	1.7275E-30
NEO	NEO945	RR	RR	RR	0.996097364	0.003902636	9.32241E-33
NEO	NEO597	RR	RR	RR	0.799668585	0.200331372	4.33125E-08
NEO	NEO935	RR	RR	RR	0.999999996	3.76537E-09	3.3348E-120
NEO	NEO933	RR	RR	RR	0.984589928	0.015410072	1.98422E-26
NEO	NEO932	RD	RD	RD	4.01344E-15	1	1.17253E-34
NEO	NEO951	RR	RR	RR	0.799867563	0.20013242	1.69714E-08
NEO	NEO75	RR	RR	RR	0.799682123	0.200317836	4.15203E-08
NEO	NEO70	RR	RR	RR	0.999996099	3.90148E-06	3.58438E-69
NEO	NEO739	RR	RR	RR	0.984430338	0.015569662	3.31562E-24
NEO	NEO738	RR	RR	RR	0.799565343	0.20043365	1.00733E-06
NEO	NEO522	RR	RR	RR	0.666270077	0.333333333	0.000396589
NEO	NEO561	RR	RR	RR	0.799813964	0.200186012	2.40669E-08
NEO	NEO563	RR	RR	RR	0.969651568	0.030348432	6.86046E-22
NEO	NEO569	RR	RR	RR	0.888712452	0.111287548	1.87428E-10
NEO	NEO583	RR	RR	RR	0.887474902	0.112525098	8.88965E-12
NEO	NEO587	RR	RR	RR	0.9997506	0.0002494	1.26187E-46
NEO	NEO590	RR	RR	RR	0.887474902	0.112525098	8.88965E-12
NEO	NEO19	RR	RR	RR	0.999999985	1.51045E-08	1.71567E-98
NEO	NEO823	RR	RR	RR	0.888764715	0.111235285	2.09476E-11
NEO	NEO586	RR	RR	RR	0.887748377	0.112251623	7.16394E-12
NEO	NEO609	RR	RR	RR	0.888366861	0.111633139	2.50031E-11
NEO	NEO92	RR	RR	RR	0.887817487	0.112182484	2.93994E-08
NEO	NEO922	RR	RR	RR	0.799900525	0.200099462	1.26078E-08
NEO	NEO806	RR	RR	RR	0.998047439	0.001952561	1.28618E-37
NEO	NEO589	RR	RR	RR	1	1.46397E-14	1.5577E-187
NEO	NEO648	RR	RR	RR	0.998045073	0.001954927	2.12222E-37
NEO	NEO78	RR	RR	RR	0.99975407	0.00024593	1.13642E-46
NEO	NEO683	RR	RR	RR	0.999752764	0.000247236	5.18461E-48
NEO	NEO64	RR	RR	RR	0.888783736	0.111216264	7.91921E-12
NEO	NEO632	RR	RR	RR	0.887796748	0.112203252	2.90858E-10
NEO	NEO752	RR	RR	RR	0.999938671	6.13295E-05	5.02258E-58
NEO	NEO626	RR	RR	RR	0.666270077	0.333333333	0.000396589
NEO	NEO843	RR	RR	RR	0.992223625	0.007776375	3.49573E-28
NEO	NEO631	RR	RR	RR	0.99804298	0.00195702	1.80202E-36
NEO	NEO62	RD	RD	RD	2.47452E-14	1	7.63513E-14
NEO	NEO602	RR	RR	RR	0.664343786	0.333333333	0.00232288
NEO	NEO60	RR	RR	RR	0.941097416	0.058902584	1.85816E-15
NEO	NEO672	RR	RR	RR	0.888824871	0.111175129	3.70965E-13
NEO	NEO671	RR	RR	RR	0.657276995	0.333333333	0.009389671
NEO	NEO669	RR	RR	RR	0.799515523	0.200484351	1.25729E-07
NEO	NEO65	RR	RR	RR	0.941093432	0.058906568	1.86207E-16
RISE	RISE496	RD	RD	RD	3.95584E-15	1	2.80054E-15
RISE	RISE493	RR	RR	RR	1	3.05037E-17	1.4508E-201
RISE	RISE489	RR	RR	RR	0.799896296	0.200103679	2.51578E-08
RISE	RISE247	RR	RR	RR	0.941049294	0.058950706	3.04517E-15
RISE	RISE109	RR	RR	RR	0.799734423	0.200265509	6.79122E-08
RISE	RISE386	RR	RR	RR	0.941087367	0.058912633	1.76078E-15
RISE	RISE497	RR	RR	RR	1	3.56136E-11	7.7625E-175
RISE	RISE174	RR	RR	RR	1	1.85545E-12	3.5742E-156
RISE	RISE525	RD	RD	RR	2.94005E-06	0.999995541	1.519E-06
RISE	RISE150	RR	RR	RR	0.99999997	3.01201E-08	1.42102E-97
RISE	RISE71	RD	RR	RR	0.101208632	0.898791228	1.40582E-07
RISE	RISE98	RR	RR	RR	1	1.05951E-12	2.5223E-168
RISE	RISE395	RD	RD	RD	6.60565E-13	1	6.37366E-64
RISE	RISE392	RD	RD	RD	0.004959112	0.995040884	3.5446E-09
RISE	RISE502	RD	RD	RR	6.66609E-10	0.999999998	1.19296E-09
RISE	RISE495	RD	RD	RD	3.57574E-29	1	1.32209E-44
RISE	RISE503	RR	RR	RR	0.96966863	0.03033137	1.79188E-20
RISE	RISE397	RD	RR	RR	0.00021067	0.997416068	0.002373262
RISE	RISE499	RR	RR	RR	0.998013937	0.001986063	4.43528E-30
RISE	RISE523	RD	RD	RD	7.22982E-18	1	2.97182E-41
RISE	RISE479	RR	RR	RR	0.998999443	0.001000557	2.12946E-33
RISE	RISE577	RR	RR	RR	0.996048971	0.003951029	3.54938E-28
RISE	RISE504	RR	RR	RR	0.996042794	0.003957206	5.49339E-30
RISE	RISE569	RD	RD	RD	1.10088E-22	1	2.12626E-12
RISE	RISE601	RR	RR	RR	0.996104344	0.003895656	2.22728E-35
RISE	RISE602	RR	RR	RR	0.996094662	0.003905338	2.63955E-30
RISE	RISE97	RD	RD	RR	7.11572E-07	0.999999288	8.20444E-20
RISE	RISE500	RR	RR	RR	0.999752978	0.000247022	3.34059E-45
RISE	RISE511	RR	RR	RR	1	4.90036E-10	2.7847E-113
RISE	RISE509	RR	RR	RR	1	2.97714E-11	1.742E-135
RISE	RISE505	RR	RR	RR	1	1.90271E-15	1.0738E-180
RISE	RISE548	RR	RR	RR	0.998028144	0.001971856	7.11941E-35
RISE	RISE547	RR	RR	RR	0.941040573	0.058959427	3.12769E-15
RISE	RISE552	RR	RR	RR	0.99996918	3.08198E-05	2.85869E-56
RISE	RISE550	RR	RR	RR	0.969486858	0.030513142	1.13013E-17
RISE	RISE00	RR	RR	RR	0.94108	0.05892	8.36546E-16
RISE	RISE94	RR	RR	RR	0.888741287	0.111258713	3.44618E-12
RISE	RISE373	RD	RR	RR	0.00021067	0.997416068	0.002373262
RISE	RISE423	RR	RR	RR	0.799738723	0.200260784	4.9279E-07
RISE	RISE546	RR	RR	RR	0.666270077	0.333333333	0.000396589
VK	VK99	RR	RR	RR	0.984327213	0.015672787	7.70227E-22
VK	VK545	RR	RR	RR	0.999938811	6.11891E-05	4.9788E-57
VK	VK544	RR	RR	RR	0.969657889	0.030342111	3.58896E-20
VK	VK520	RR	RR	RR	0.999984392	1.56079E-05	7.24571E-60
VK	VK521	RR	RR	RR	0.999999938	6.15063E-08	5.639E-91
VK	VK522	RR	RR	RR	0.999999103	8.97288E-07	5.319E-123
VK	VK1	DD	DD	DD	0	4.4092E-28	1
VK	VK526	RR	RR	RR	0.992240428	0.007759572	3.22922E-29
VK	VK245	RR	RR	RR	0.999008141	0.000991859	1.34374E-38
VK	VK25	RR	RR	RR	0.99799267	0.00200733	2.18873E-31
VK	VK241	RR	RR	RR	0.799743884	0.20025605	6.54133E-08
VK	VK319	RR	RR	RR	0.888612693	0.111387307	6.67704E-12
VK	VK350	RR	RR	RR	0.999875169	0.000124831	1.61127E-48
VK	VK354	RR	RR	RR	0.969673265	0.030326735	4.4989E-21
VK	VK220	RR	RR	RR	0.999752006	0.000247994	4.08112E-47
VK	VK221	RR	RR	RR	0.999968805	3.11946E-05	7.42861E-59
VK	VK165	RR	RR	RR	0.992229439	0.007770561	1.75502E-27
VK	VK166	RR	RR	RR	1	3.00655E-11	2.2791E-129
VK	VK168	RR	RR	RR	0.999938713	6.12868E-05	4.87609E-54
VK	VK244	RR	RR	RR	0.940560591	0.059439409	1.32326E-13
VK	VK170	RR	RR	RR	0.996098839	0.003901161	1.22708E-30
VK	VK173	RR	RR	RR	0.998037391	0.001962609	2.39227E-36
VK	VK176	RR	RR	RR	0.872576749	0.127423251	1.257E-55
VK	VK179	RR	RR	RR	0.99804467	0.00195533	2.24022E-34
VK	VK18	RR	RR	RR	0.992226922	0.007773078	2.4735E-26
VK	VK306	RR	RR	RR	0.941008315	0.058991685	3.65183E-15
VK	VK187	RR	RR	RR	0.984599626	0.015400374	1.91833E-24
VK	VK19	RR	RR	RR	0.88868482	0.11131518	4.86489E-12
VK	VK190	RR	RR	RR	0.999996418	3.58163E-06	5.59908E-89
VK	VK355	RR	RR	RR	0.997995495	0.002004505	4.46847E-30
VK	VK349	RR	RR	RR	0.992106382	0.007893618	1.03389E-24
VK	VK493	RR	RR	RR	0.996103834	0.003896166	2.50233E-33
VK	VK172	RR	RR	RR	0.969649135	0.030350865	1.66383E-20
VK	VK242	RR	RR	RR	0.941054449	0.058945551	2.83954E-16
VK	VK238	RR	RR	RR	0.999984573	1.54268E-05	2.59169E-64
VK	VK236	RR	RR	RR	0.984426533	0.015573467	1.23473E-23
VK	VK297	RR	RR	RR	0.969673265	0.030326735	4.4989E-21
VK	VK303	RR	RR	RR	0.999969296	3.07042E-05	4.41284E-60
VK	VK308	RR	RR	RR	0.992214389	0.007785611	3.23526E-26
VK	VK309	RR	RR	RR	0.888819662	0.111180338	1.47706E-12
VK	VK31	RR	RR	RR	0.940377343	0.059622657	1.98174E-15
VK	VK291	RR	RR	RR	0.998047645	0.001952355	4.06599E-37
VK	VK315	RR	RR	RR	0.940944006	0.059055994	5.46744E-15
VK	VK289	RR	RR	RR	0.984511158	0.015488842	5.20112E-23
VK	VK254	RR	RR	RR	0.940053698	0.059946302	2.59424E-13
VK	VK260	RD	RD	RD	0.000836619	0.999163091	2.89449E-07
VK	VK261	RD	RD	RD	1.78911E-06	0.999998211	1.33784E-23
VK	VK262	RR	RR	RR	0.984602156	0.015397844	3.03884E-25
VK	VK263	RR	RR	RR	0.999752541	0.000247459	1.7931E-46
VK	VK264	RD	RD	RD	0.000665771	0.999280002	5.42271E-05
VK	VK265	RR	RR	RR	0.98456629	0.01543371	1.20682E-24
VK	VK268	RR	RR	RR	0.66583229	0.333333333	0.000834376
VK	VK273	RR	RR	RR	0.940940053	0.059059947	6.12121E-15
VK	VK278	RR	RR	RR	0.998996615	0.001003385	1.67754E-36
VK	VK279	RR	RR	RR	0.999996152	3.84839E-06	1.15452E-70
VK	VK284	RD	RD	RD	1.32813E-18	1	3.69024E-13
VK	VK285	RR	RR	RR	0.940813827	0.059186173	1.84247E-14
VK	VK258	RD	RR	RR	0.00827051	0.99172949	5.47034E-16
VK	VK257	RR	RR	RR	0.940560959	0.059439041	1.62818E-14
VK	VK230	RR	RR	RR	0.999992317	7.68262E-06	2.00822E-66
VK	VK234	RR	RR	RR	0.992172279	0.007827721	2.43042E-26
VK	VK497	RR	RR	RR	0.999505421	0.000494579	2.31632E-43
VK	VK498	RR	RR	RR	0.992222768	0.007777232	4.31532E-27
VK	VK50	RR	RR	RR	1	1.83677E-18	5.0401E-223
VK	VK492	RR	RR	RR	0.984525375	0.015474625	1.99127E-20
VK	VK552	RD	RR	RR	0.471739102	0.528260898	6.25664E-17
VK	VK324	DD	DD	DD	8.36237E-22	0.015596305	0.984403695
VK	VK540	RD	RD	RD	6.76762E-07	0.999999279	4.4627E-08
VK	VK159	RD	RR	RR	0.07618111	0.923818857	3.2363E-08
VK	VK160	RD	RD	RD	6.73774E-22	1	1.77527E-13
VK	VK167	RD	RD	RD	1.31316E-12	1	2.98308E-10
VK	VK477	RD	RD	RD	3.11043E-12	1	2.62404E-25
VK	VK207	RR	RR	RR	0.878044985	0.121955015	2.54031E-31
VK	VK489	RD	RD	RD	9.21971E-21	1	1.06724E-16
VK	VK22	RD	RR	RR	0.029321329	0.938947853	0.031730818
VK	VK320	RD	RD	RD	1.48235E-09	0.999999999	9.93246E-16
VK	VK300	RD	RD	RR	0.003769037	0.996020662	0.000210301
VK	VK290	RD	RD	RD	8.70704E-18	1	3.98533E-15
VK	VK223	RD	RD	RR	9.52419E-14	0.981512032	0.018487968
VK	VK357	RD	RD	RD	7.50654E-06	0.999992493	4.45348E-21
VK	VK506	RD	RD	RD	6.87964E-10	0.999999999	4.8615E-18
VK	VK29	RD	RD	RD	1.61852E-33	1	7.21952E-42
VK	VK553	RD	RD	RD	1.16821E-16	1	1.22554E-14
VK	VK542	RD	RD	RD	9.49875E-07	0.99999905	6.28068E-30
VK	VK344	RD	RD	RD	3.02052E-08	0.999999882	8.82516E-08
VK	VK555	RD	RD	RD	1.91982E-19	1	2.20534E-16
VK	VK274	RD	RD	RD	4.02653E-10	1	1.13437E-29
VK	VK336	DD	DD	DD	2.38584E-13	0.059113037	0.940886963
VK	VK475	RD	RD	RD	6.35135E-32	1	8.37842E-41
VK	VK6	RD	RD	RD	1.22159E-35	1	1.27687E-51
VK	VK280	DD	RD	RR	0.000689417	0.333333333	0.665977249
VK	VK296	RR	RR	RR	0.984308582	0.015691418	1.20428E-20
VK	VK534	DD	DD	DD	7.75968E-13	0.111152433	0.888847567
VK	VK111	RR	RR	RR	0.998045241	0.001954759	7.20006E-36
VK	VK84	RR	RR	RR	0.99610235	0.00389765	6.10413E-32
VK	VK219	RR	RR	RR	0.99901943	0.00098057	1.7175E-36
VK	VK212	RD	RD	RR	2.07939E-12	0.888127638	0.111872362
VK	VK184	RR	RR	RR	0.984393009	0.015606991	2.30661E-23
VK	VK203	RD	RD	RD	5.70194E-06	0.999994298	5.26709E-32
VK	VK204	RR	RR	RR	0.984547066	0.015452934	1.69043E-23
VK	VK138	RR	RR	RR	0.888277096	0.111722904	7.31174E-10
VK	VK139	RR	RR	RR	0.887415475	0.112584525	3.98719E-10
VK	VK145	RR	RR	RR	0.999009258	0.000990742	2.82009E-38
VK	VK146	RR	RR	RR	0.984535405	0.015464595	4.70373E-20
VK	VK147	RR	RR	RR	0.940506767	0.059493233	3.14702E-14
VK	VK150	RR	RR	RR	0.998017712	0.001982288	7.64704E-33
VK	VK154	RR	RR	RR	0.999984653	1.53472E-05	2.64014E-62
VK	VK155	RR	RR	RR	0.941134737	0.058865263	8.2639E-17
VK	VK129	RR	RR	RR	0.999999985	1.49674E-08	2.7657E-106
VK	VK128	RR	RR	RR	0.984583516	0.015416484	5.92061E-24
VK	VK101	RR	RR	RR	0.999755359	0.000244641	1.07284E-48
VK	VK157	RR	RR	RR	0.98457344	0.01542656	8.95693E-24
VK	VK102	RR	RR	RR	0.999999999	9.47098E-10	1.0398E-118
VK	VK202	RR	RR	RR	0.992236296	0.007763704	2.61761E-29
VK	VK201	RR	RR	RR	0.998043503	0.001956497	2.914E-36
VK	VK122	RR	RR	RR	0.969531821	0.030468179	4.08735E-20
VK	VK118	RR	RR	RR	1	2.39275E-10	2.6397E-122
VK	VK110	RR	RR	RR	0.999984589	1.54108E-05	9.97828E-61
VK	VK108	RR	RR	RR	0.969514214	0.030485786	2.70476E-18
VK	VK42	RR	RR	RR	1	4.39255E-14	6.0535E-193
VK	VK295	RR	RR	RR	0.969347068	0.030652932	3.85132E-18
VK	VK294	RR	RR	RR	0.96964994	0.03035006	1.04972E-20
VK	VK34	RR	RR	RR	0.99223632	0.00776368	1.62103E-28
VK	VK484	RR	RR	RR	0.94096893	0.05903107	1.53523E-15
VK	VK485	RR	RR	RR	0.941098312	0.058901688	1.7397E-16
VK	VK486	RR	RR	RR	0.999748582	0.000251418	1.2926E-41
VK	VK487	RR	RR	RR	0.99998452	1.54797E-05	2.80382E-64
VK	VK479	RR	RR	RR	0.999508829	0.000491171	4.3E-43
VK	VK548	RR	RR	RR	0.999999518	4.81962E-07	2.27281E-82
VK	VK550	RR	RR	RR	0.992234756	0.007765244	2.11517E-28
VK	VK551	RR	RR	RR	0.999877642	0.000122358	1.2667E-52
VK	VK554	RR	RR	RR	0.999749253	0.000250747	2.62385E-42
VK	VK56	RR	RR	RR	0.998004335	0.001995665	1.65114E-32
VK	VK58	RR	RR	RR	1	2.35783E-10	2.1407E-125
VK	VK547	RR	RR	RR	0.999999998	1.91698E-09	9.2488E-111
VK	VK388	RD	RR	RR	0.119000086	0.880999914	5.17267E-23
VK	VK95	RR	RR	RR	0.999008812	0.000991188	3.26305E-36
VK	VK389	RR	RR	RR	0.992180356	0.007819644	1.93041E-27
VK	VK390	RR	RR	RR	0.996090745	0.003909255	1.19966E-31
VK	VK373	RR	RR	RR	0.999018891	0.000981109	5.84603E-40
VK	VK442	RR	RR	RR	0.940492536	0.059507464	4.22521E-15
VK	VK443	RR	RR	RR	0.999751949	0.000248051	2.38158E-41
VK	VK444	RR	RR	RR	0.984523412	0.015476588	2.35437E-24
VK	VK445	RR	RR	RR	0.999752912	0.000247088	6.21807E-46
VK	VK446	RR	RR	RR	0.99224019	0.00775981	5.11844E-29
VK	VK448	RR	RR	RR	0.999510175	0.000489825	3.05285E-43
VK	VK449	RR	RR	RR	0.996047937	0.003952063	1.01391E-30
VK	VK454	RR	RR	RR	0.666270077	0.333333333	0.000396589
VK	VK87	RR	RR	RR	0.99975489	0.00024511	9.5032E-49
VK	VK455	RR	RR	RR	0.999877791	0.000122209	4.46734E-55
VK	VK481	RR	RR	RR	0.999511041	0.000488959	9.66178E-46
VK	VK478	RR	RR	RR	0.996038555	0.003961445	1.69483E-28
VK	VK527	RR	RR	RR	0.940221757	0.059778243	1.06064E-13
VK	VK528	RR	RR	RR	0.998015269	0.001984731	7.01363E-32
VK	VK70	RR	RR	RR	1	5.74075E-20	2.5128E-238
VK	VK529	RR	RR	RR	0.999511042	0.000488958	6.7202E-46
VK	VK531	RR	RR	RR	0.992135718	0.007864282	3.08431E-28
VK	VK532	RR	RR	RR	0.999999521	4.79468E-07	1.09906E-83
VK	VK533	RR	RR	RR	0.999999996	3.73804E-09	7.9098E-116
VK	VK535	RD	RD	RD	1.90196E-09	0.999999998	1.18462E-30
VK	VK537	RR	RR	RR	0.999876751	0.000123249	1.89923E-51
VK	VK539	RD	RD	RD	5.58899E-23	1	2.22767E-13
VK	VK541	RR	RR	RR	0.774642622	0.225357378	6.40096E-55
VK	VK543	RR	RR	RR	0.99213728	0.00786272	3.50436E-26
VK	VK385	RR	RR	RR	0.99804839	0.00195161	2.27841E-37
VK	VK386	RR	RR	RR	0.992236868	0.007763132	1.44789E-28
VK	VK53	RR	RR	RR	0.999751159	0.000248841	4.65715E-44
VK	VK69	RR	RR	RR	0.888819662	0.111180338	1.47706E-12
VK	VK64	RR	RR	RR	0.996044706	0.003955294	3.40017E-29
VK	VK63	RR	RR	RR	0.799515523	0.200484351	1.25729E-07
VK	VK512	RR	RR	RR	0.999876548	0.000123452	1.8713E-47
VK	VK513	RR	RR	RR	0.999877692	0.000122308	4.71574E-54
VK	VK514	RR	RR	RR	0.96967246	0.03032754	7.13086E-21
VK	VK516	RR	RR	RR	0.992240163	0.007759837	4.06576E-29
VK	VK517	RR	RR	RR	0.984515266	0.015484734	8.01608E-24
VK	VK468	RR	RR	RR	0.999877335	0.000122665	1.97404E-53
VK	VK471	RR	RR	RR	0.799703774	0.20029563	5.96509E-07
VK	VK48	RR	RR	RR	0.888808367	0.111191633	4.67243E-12
VK	VK524	RD	RD	RD	2.17333E-12	0.925592313	0.074407687
VK	VK456	RD	RD	RD	4.21248E-19	1	1.1923E-17
VK	VK433	RR	RR	RR	0.999751009	0.000248991	5.74801E-44
VK	VK361	RR	RR	RR	0.996103103	0.003896897	7.68018E-33
VK	VK362	RR	RR	RR	0.799325273	0.200674551	1.75979E-07
VK	VK363	RR	RR	RR	0.998048519	0.001951481	1.14168E-37
VK	VK364	RR	RR	RR	0.888258477	0.111741523	2.45672E-11
VK	VK365	RR	RR	RR	0.888761738	0.111238262	8.37802E-12
VK	VK367	RR	RR	RR	0.996059645	0.003940355	5.02222E-31
VK	VK98	RR	RR	RR	0.913530679	0.086469321	2.78268E-49
VK	VK369	RR	RR	RR	0.941134737	0.058865263	8.2639E-17
VK	VK51	RR	RR	RR	0.798056373	0.201943116	5.11125E-07
VK	VK483	RR	RR	RR	0.999877262	0.000122738	1.94301E-52
VK	VK508	RR	RR	RR	0.999017256	0.000982744	8.77734E-40
VK	VK325	RR	RR	RR	0.799184085	0.200815702	2.1327E-07
VK	VK326	RR	RR	RR	0.996104951	0.003895049	1.71283E-33
VK	VK327	RD	RD	RD	5.94951E-16	0.951175136	0.048824864
VK	VK328	RR	RR	RR	0.992139642	0.007860358	4.48703E-26
VK	VK329	RR	RR	RR	0.998047326	0.001952674	3.23131E-36
VK	VK33	RR	RR	RR	0.998013385	0.001986615	1.7172E-33
VK	VK337	RD	RD	RD	5.57303E-07	0.999999443	2.38169E-15
VK	VK323	RR	RR	RR	0.984575779	0.015424221	8.25219E-24
VK	VK340	RR	RR	RR	0.969260458	0.030739542	1.24123E-16
VK	VK342	RR	RR	RR	0.984592929	0.015407071	6.83176E-24
VK	VK35	RR	RR	RR	0.969673265	0.030326735	4.4989E-21
VK	VK509	RR	RR	RR	0.999508554	0.000491446	2.33298E-42
VK	VK352	RR	RR	RR	0.996091137	0.003908863	4.55805E-31
VK	VK353	RR	RR	RR	0.999021021	0.000978979	2.16997E-40
VK	VK358	RR	RR	RR	0.969630645	0.030369355	1.54592E-20
VK	VK46	RR	RR	RR	0.999999516	4.84033E-07	3.17485E-80
VK	VK406	RR	RR	RR	0.998021804	0.001978196	5.68152E-34
VK	VK404	RR	RR	RR	0.999509371	0.000490629	4.55366E-42
VK	VK414	RR	RR	RR	0.999022073	0.000977927	5.17193E-40
VK	VK415	RR	RR	RR	0.996101511	0.003898489	2.06533E-32
VK	VK417	RR	RR	RR	0.984526207	0.015473793	1.09984E-23
VK	VK418	RR	RR	RR	0.99220134	0.00779866	1.92467E-27
VK	VK419	RR	RR	RR	0.999510876	0.000489124	6.84576E-46
VK	VK420	RR	RR	RR	0.969640171	0.030359829	3.6191E-19
VK	VK422	RR	RR	RR	0.996057995	0.003942005	6.20777E-27
VK	VK426	RR	RR	RR	0.663316583	0.333333333	0.003350084
VK	VK429	RR	RR	RR	0.999999753	2.46624E-07	5.948E-82
VK	VK372	RR	RR	RR	0.996105208	0.003894792	6.81756E-34
VK	VK510	RD	RD	RR	0.000842297	0.999157702	1.19781E-10
VK	VK370	RR	RR	RR	0.940876742	0.059123258	7.33923E-14
VK	VK368	RD	RD	RD	8.12069E-19	0.999999964	3.56749E-08
VK	VK391	RR	RR	RR	0.940530097	0.059469903	2.01034E-15
VK	VK392	RR	RR	RR	0.984566154	0.015433846	1.64993E-23
VK	VK393	RR	RR	RR	0.941071574	0.058928426	2.41014E-16
VK	VK394	RD	RR	RR	1.78526E-07	0.999999821	5.61488E-15
VK	VK384	RR	RR	RR	0.969670915	0.030329085	1.13034E-20
VK	VK395	RD	RD	RD	3.76919E-11	1	9.06628E-18
VK	VK397	RR	RR	RR	0.984587735	0.015412265	1.32953E-23
VK	VK398	RR	RR	RR	0.984519668	0.015480332	5.00281E-22
VK	VK399	RR	RR	RR	0.999754596	0.000245404	2.10868E-48
VK	VK40	RR	RR	RR	0.999992233	7.76744E-06	1.20513E-64
VK	VK402	RR	RR	RR	0.99802062	0.00197938	7.31952E-35
VK	VK403	RR	RR	RR	0.996072041	0.003927959	1.39512E-31
VK	VK405	RR	RR	RR	0.941114014	0.058885986	1.02908E-15
VK	VK523	RR	RR	RR	0.984305331	0.015694669	7.85743E-20