Assigned	Sample	No_filter	Permissive_filter	Strict_filter	pRR_Data_n	pRD_Data_n	pDD_Data_n
BOTAI	RISE664	RR	RR	RR	0.999999939	6.06525E-08	1.13022E-90
BOTAI	RISE718	RR	RR	RR	0.992237411	0.007762589	2.30469E-29
BOTAI	DA339	RD	RR	RR	0.000210911	0.998330152	0.001458937
BOTAI	RISE684	RR	RR	RR	0.888261545	0.111738455	1.54994E-11
BOTAI	DA343	RR	RR	RR	0.940935517	0.059064483	9.167E-16
BOTAI	DA344	RR	RR	RR	0.799743884	0.20025605	6.54133E-08
BOTAI	DA345	RR	RR	RR	0.996061833	0.003938167	5.32989E-30
BOTAI	RISE674	RR	RR	RR	0.999999513	4.86884E-07	1.21882E-81
BOTAI	RISE685	RR	RR	RR	0.999022684	0.000977316	3.18304E-40
BOTAI	RISE683	RR	RR	RR	0.999937446	6.25536E-05	1.45338E-50
BOTAI	MA2210	RD	RD	RD	1.78448E-07	0.999999822	9.76071E-15
BOTAI	MA2213	RR	RR	RR	0.984595697	0.015404303	4.19777E-25
BOTAI	RISE515	RR	RR	RR	0.969484979	0.030515021	6.34589E-18
BOTAI	RISE516	RR	RR	RR	0.88868482	0.11131518	4.86489E-12
BOTAI	DA335	RR	RR	RR	0.99223796	0.00776204	5.8021E-28
BOTAI	RISE670	RR	RR	RR	0.940831022	0.059168978	2.14598E-14
BOTAI	RISE672	RR	RR	RR	0.996020373	0.003979627	4.07173E-28
BOTAI	MA2206	RR	RR	RR	0.940922679	0.059077321	4.23414E-14
BOTAI	DA337	RR	RR	RR	0.991393017	0.008606983	5.45363E-47
BOTAI	DA253	RD	RD	RD	1.54463E-28	1	6.85595E-43
BOTAI	DA249	RD	RD	RD	2.54833E-38	1	5.56874E-57
BOTAI	BOT2016	RD	RD	RD	1.3883E-159	1	8.7171E-192
BOTAI	DA342	RR	RR	RR	0.996072386	0.003927614	2.78841E-30
BOTAI	DA358	RD	RD	RD	7.41798E-12	0.994189615	0.005810385
BOTAI	DA246	RR	RR	RR	0.999996166	3.83449E-06	1.49383E-73
BOTAI	MA2195	RR	RR	RR	0.98456629	0.01543371	1.20682E-24
BOTAI	Yamnaya	RR	RR	RR	1	1.5911E-36	0
BOTAI	MA2203	RR	RR	RR	0.99610392	0.00389608	1.30525E-32
BOTAI	DA356	RR	RR	RR	0.666423091	0.333333333	0.000243576
BOTAI	BOT14	RR	RR	RR	0.999996109	3.89125E-06	6.3097E-97
BOTAI	BOT15	RR	RR	RR	0.999511573	0.000488427	9.81767E-69
BOTAI	DA381	RR	RR	RR	0.992181165	0.007818835	1.78242E-26
BOTAI	EBA2	RR	RR	RR	1	2.3154E-13	4.7644E-238
BOTAI	RISE667	RR	RR	RR	0.666423091	0.333333333	0.000243576
BOTAI	MA2200	RR	RR	RR	0.999999508	4.92005E-07	8.38609E-76
BOTAI	MA2205	RR	RR	RR	0.969645265	0.030354735	1.16996E-20
BOTAI	DA247	RR	RR	RR	0.99999994	6.02382E-08	7.54393E-93
BOTAI	EBA1	RR	RR	RR	0.999999998	1.89768E-09	1.4329E-160
BOTAI	DA245	RR	RR	RR	0.999874924	0.000125076	8.92395E-46
BOTAI	DA251	RR	RR	RR	0.940377343	0.059622657	1.98174E-15
BOTAI	DA250	RD	RR	RR	0.006573882	0.993426118	9.85684E-18
BOTAI	DA248	RR	RR	RR	0.999996147	3.85317E-06	6.59456E-72
BOTAI	DA383	RR	RR	RR	0.969313617	0.030686383	1.31748E-18
BOTAI	DA362	RR	RR	RR	0.999021181	0.000978819	3.76492E-38
BOTAI	DA361	RR	RR	RR	0.96961806	0.03038194	3.95701E-18
NEO	NEO587	RR	RR	RR	0.941109159	0.058890841	1.98562E-17
NEO	NEO19	RR	RR	RR	1	4.7917E-10	3.4441E-116
NEO	NEO195	RR	RR	RR	0.799677867	0.20032205	8.285E-08
NEO	NEO194	RR	RR	RR	0.999999985	1.52939E-08	1.0318E-102
NEO	NEO158	RR	RR	RR	0.799844258	0.200155722	2.00565E-08
NEO	NEO192	RR	RR	RR	0.888758838	0.111241162	9.78046E-12
NEO	NEO160	RR	RR	RR	0.999753908	0.000246092	1.30795E-48
NEO	NEO189	RD	RR	RR	0.097096406	0.902903594	1.63781E-32
NEO	NEO193	RR	RR	RR	0.888833309	0.111166691	3.17721E-13
NEO	NEO185	RR	RR	RR	0.999876114	0.000123886	1.22918E-54
NEO	NEO201	RR	RR	RR	0.799922232	0.200077759	9.73424E-09
NEO	NEO224	RD	RR	RR	0.000105712	0.99843516	0.001459129
NEO	NEO226	RR	RR	RR	0.969606402	0.030393598	1.41876E-21
NEO	NEO25	RR	RR	RR	0.941080223	0.058919777	1.51503E-15
NEO	NEO261	RR	RR	RR	0.999992327	7.67287E-06	1.90021E-70
NEO	NEO27	RR	RR	RR	0.999997675	2.32502E-06	9.6914E-124
NEO	NEO188	RR	RR	RR	0.666423091	0.333333333	0.000243576
NEO	NEO270	RR	RR	RR	0.666423091	0.333333333	0.000243576
NEO	NEO816	RD	RR	RR	0.013335834	0.962826363	0.023837803
NEO	NEO503	RR	RR	RR	0.799937281	0.200062711	7.742E-09
NEO	NEO570	RR	RR	RR	0.999999516	4.84235E-07	8.41661E-87
NEO	NEO57	RR	RR	RR	0.886973482	0.113026517	1.69457E-09
NEO	NEO568	RR	RR	RR	0.999969369	3.06314E-05	9.8654E-63
NEO	NEO559	RR	RR	RR	0.998040041	0.001959959	5.04039E-34
NEO	NEO212	RR	RR	RR	0.999999879	1.21402E-07	5.33352E-96
NEO	NEO564	RR	RR	RR	0.658682635	0.333333333	0.007984032
NEO	NEO309	RR	RR	RR	0.999938138	6.18623E-05	6.66312E-59
NEO	NEO307	RD	RD	RD	3.56454E-07	0.999999644	1.71223E-25
NEO	NEO304	RR	RR	RR	0.999012651	0.000987349	1.84563E-40
NEO	NEO302	RR	RR	RR	0.999999516	4.84245E-07	3.54445E-83
NEO	NEO283	RD	RR	RR	0.000843597	0.999156403	2.06821E-15
NEO	NEO494	RD	RR	RR	0.000104877	0.992129152	0.007765972
NEO	NEO52	RR	RR	RR	0.799937281	0.200062711	7.742E-09
NEO	NEO518	RR	RR	RR	0.663900415	0.333333333	0.002766252
NEO	NEO516	RR	RR	RR	0.984400131	0.015599869	1.15027E-23
NEO	NEO51	RR	RR	RR	0.984518091	0.015481909	2.01244E-25
NEO	NEO509	RR	RR	RR	0.999999998	1.89979E-09	3.5526E-123
NEO	NEO502	RR	RR	RR	0.999020039	0.000979961	3.34672E-40
NEO	NEO220	RR	RR	RR	0.96960075	0.03039925	6.58795E-19
NEO	NEO645	RD	RD	RR	2.98284E-06	0.999788218	0.000208799
NEO	NEO167	RR	RR	RR	0.984539944	0.015460056	1.01749E-23
NEO	NEO292	RR	RR	RR	0.877116283	0.122883717	6.71367E-28
NEO	NEO935	RR	RR	RR	0.999999832	1.6756E-07	1.9408E-137
NEO	NEO121	RD	RD	RD	8.85444E-09	0.999999991	9.11562E-20
NEO	NEO624	RD	RD	RD	1.06198E-18	1	1.04716E-48
NEO	NEO945	RD	RD	RD	7.46904E-05	0.99992531	8.80894E-26
NEO	NEO17	RD	RD	RD	1.56522E-17	1	1.08548E-21
NEO	NEO88	RD	RD	RD	2.93653E-30	1	2.51678E-13
NEO	NEO199	RR	RR	RR	0.969441825	0.030558175	7.98514E-19
NEO	NEO886	RD	RD	RR	7.07912E-06	0.999781564	0.000211357
NEO	NEO946	RD	RD	RD	3.25819E-17	1	2.78598E-11
NEO	NEO225	RD	RD	RD	1.31029E-39	1	1.50152E-52
NEO	NEO147	DD	RD	RR	2.16161E-06	0.201067834	0.798930004
NEO	NEO752	RD	RD	RD	6.0935E-30	1	8.91297E-25
NEO	NEO855	RD	RD	RD	3.60539E-10	1	2.39032E-17
NEO	NEO791	RD	RD	RD	8.382E-14	1	8.05906E-33
NEO	NEO18	RD	RD	RD	6.39892E-23	1	1.1663E-65
NEO	NEO202	RD	RD	RD	3.0639E-24	1	1.24633E-24
NEO	NEO917	RR	RR	RR	0.999999966	3.37869E-08	2.5352E-121
NEO	NEO300	RD	RD	RD	8.2844E-24	1	2.0176E-48
NEO	NEO200	RD	RD	RR	0.019701887	0.980194817	0.000103297
NEO	NEO171	RR	RR	RR	0.969596411	0.030403589	1.95828E-20
NEO	NEO173	RR	RR	RR	0.999875649	0.000124351	6.93437E-50
NEO	NEO174	RD	RR	RR	0.026105551	0.973894449	4.77604E-21
NEO	NEO145	RR	RR	RR	0.888538445	0.111461555	2.1784E-12
NEO	NEO172	RR	RR	RR	0.665909951	0.333333333	0.000756716
NEO	NEO115	RR	RR	RR	0.999999757	2.43026E-07	1.84733E-82
NEO	NEO116	RR	RR	RR	1	8.80765E-11	5.4082E-167
NEO	NEO123	RR	RR	RR	0.799937281	0.200062711	7.742E-09
NEO	NEO137	RR	RR	RR	0.666423091	0.333333333	0.000243576
NEO	NEO179	RR	RR	RR	0.984424138	0.015575862	9.81237E-24
NEO	NEO142	RR	RR	RR	0.998048716	0.001951284	6.13585E-39
NEO	NEO28	RD	RD	RD	4.18705E-14	0.998336098	0.001663902
NEO	NEO260	RD	RD	RR	0.434375726	0.565624274	7.86946E-74
NEO	NEO306	RD	RD	RD	9.26846E-10	0.999999999	2.24042E-21
NEO	NEO561	RR	RR	RR	0.966256156	0.033743844	1.94465E-38
NEO	NEO733	RD	RD	RD	1.17666E-17	0.999991364	8.63574E-06
NEO	NEO305	RD	RD	RD	1.16095E-30	1	2.98533E-28
NEO	NEO166	RR	RR	RR	0.999999985	1.52656E-08	7.0177E-107
NEO	NEO589	RR	RR	RR	1	3.02879E-14	6.357E-174
NEO	NEO38	RR	RR	RR	0.666423091	0.333333333	0.000243576
NEO	NEO560	RR	RR	RR	0.999992178	7.82213E-06	3.58545E-63
NEO	NEO790	RR	RR	RR	0.998004518	0.001995482	2.18283E-37
NEO	NEO812	RR	RR	RR	1	1.16639E-16	4.0573E-204
NEO	NEO80	RR	RR	RR	0.888496846	0.111503154	6.89705E-11
NEO	NEO83	RR	RR	RR	0.999007681	0.000992319	2.98362E-38
NEO	NEO861	RD	RD	RD	2.97389E-12	0.999999902	9.75493E-08
NEO	NEO875	RR	RR	RR	0.666423091	0.333333333	0.000243576
NEO	NEO866	RR	RR	RR	0.9999388	6.11999E-05	1.04079E-60
NEO	NEO878	RR	RR	RR	0.666423091	0.333333333	0.000243576
NEO	NEO856	RR	RR	RR	0.9980453	0.0019547	1.15727E-37
NEO	NEO847	RR	RR	RR	0.999755759	0.000244241	1.63992E-54
NEO	NEO843	RR	RR	RR	0.999006491	0.000993509	1.07936E-36
NEO	NEO60	RR	RR	RR	0.941042498	0.058957502	1.18796E-15
NEO	NEO702	RR	RR	RR	0.888627867	0.111372133	3.18798E-12
NEO	NEO695	RR	RR	RR	0.66629609	0.333333333	0.000370576
NEO	NEO687	RR	RR	RR	0.998046358	0.001953642	7.73536E-37
NEO	NEO683	RD	RD	RD	1.32119E-20	1	5.03468E-13
NEO	NEO853	RR	RR	RR	0.999996134	3.86609E-06	1.07223E-70
NEO	NEO891	RR	RR	RR	0.969677513	0.030322487	2.65149E-22
NEO	NEO93	RR	RR	RR	0.999984612	1.53884E-05	1.10413E-66
NEO	NEO932	RR	RR	RR	0.772052291	0.227947709	2.1825E-50
NEO	NEO646	RR	RR	RR	0.934894343	0.065105657	6.59106E-38
NEO	NEO36	RD	RD	RD	2.80152E-20	1	9.21331E-15
NEO	NEO281	RR	RR	RR	0.999999756	2.4406E-07	5.42978E-89
NEO	NEO23	RR	RR	RR	1	2.51902E-13	3.2155E-149
NEO	NEO498	RR	RR	RR	0.99999807	1.93027E-06	6.12738E-81
NEO	NEO918	RR	RR	RR	0.799773576	0.200226395	2.94136E-08
NEO	NEO912	RR	RR	RR	0.999506391	0.000493609	2.56617E-42
NEO	NEO911	RR	RR	RR	1	4.76774E-10	1.4972E-123
NEO	NEO91	RR	RR	RR	0.999015526	0.000984474	6.29291E-36
NEO	NEO590	RR	RR	RR	0.887474902	0.112525098	8.88965E-12
NEO	NEO898	RR	RR	RR	1	3.68828E-15	6.3687E-196
NEO	NEO92	RR	RR	RR	0.798992552	0.201007184	2.63858E-07
NEO	NEO943	RR	RR	RR	0.999015801	0.000984199	1.65649E-41
NEO	NEO942	RR	RR	RR	0.992229143	0.007770857	8.36653E-29
NEO	NEO938	RR	RR	RR	0.666423091	0.333333333	0.000243576
NEO	NEO923	RR	RR	RR	0.657276995	0.333333333	0.009389671
NEO	NEO933	RR	RR	RR	0.98404742	0.01595258	2.14153E-21
NEO	NEO739	RR	RR	RR	0.999877323	0.000122677	1.52497E-55
NEO	NEO62	RR	RR	RR	0.999999937	6.27312E-08	4.95667E-89
NEO	NEO907	RR	RR	RR	0.999754912	0.000245088	5.82875E-50
NEO	NEO737	RR	RR	RR	0.996045046	0.003954954	7.391E-30
NEO	NEO67	RR	RR	RR	0.941036421	0.058963579	1.2618E-15
NEO	NEO672	RR	RR	RR	0.799933057	0.200066928	1.54485E-08
NEO	NEO674	RR	RR	RR	0.940498483	0.059501517	8.42777E-16
NEO	NEO627	RR	RR	RR	0.666423091	0.333333333	0.000243576
NEO	NEO78	RR	RR	RR	0.992135718	0.007864282	3.08431E-28
NEO	NEO602	RD	RR	RR	0.000105092	0.993751323	0.006143586
NEO	NEO204	RR	RR	RR	0.66252588	0.333333333	0.004140787
NEO	NEO813	RR	RR	RR	1	7.41604E-15	1.1035E-181
NEO	NEO197	RR	RR	RR	0.969331116	0.030668884	1.15335E-19
NEO	NEO557	RR	RR	RR	0.996063179	0.003936821	2.94278E-32
NEO	NEO556	RR	RR	RR	0.999754721	0.000245279	1.96815E-49
NEO	NEO555	RR	RR	RR	0.999503005	0.000496995	5.89777E-43
NEO	NEO551	RR	RR	RR	0.799748132	0.200251835	3.27819E-08
NEO	NEO549	RR	RR	RR	0.664343786	0.333333333	0.00232288
NEO	NEO538	RR	RR	RR	0.999999937	6.25339E-08	1.38266E-97
NEO	NEO529	RR	RR	RR	0.799436646	0.20056328	7.4017E-08
NEO	NEO744	RR	RR	RR	0.799689369	0.200309903	7.28155E-07
NEO	NEO641	RR	RR	RR	0.888816635	0.111183365	9.99768E-13
NEO	NEO632	RR	RR	RR	0.999984646	1.53543E-05	1.74104E-65
NEO	NEO70	RR	RR	RR	0.999996045	3.95504E-06	1.77821E-71
NEO	NEO648	RR	RR	RR	0.999008872	0.000991128	1.96625E-40
NEO	NEO738	RR	RR	RR	0.984547203	0.015452797	1.29929E-23
NEO	NEO735	RR	RR	RR	0.888737922	0.111262078	9.77436E-12
NEO	NEO732	RR	RR	RR	0.799937281	0.200062711	7.742E-09
NEO	NEO73	RR	RR	RR	0.999018495	0.000981505	2.62679E-39
NEO	NEO625	RD	RR	RR	0.096908066	0.903091934	5.62903E-29
NEO	NEO747	RR	RR	RR	0.798178085	0.201814041	7.87344E-06
NEO	NEO749	RR	RR	RR	0.999755288	0.000244712	2.77126E-51
NEO	NEO721	RR	RR	RR	0.79974168	0.200258238	8.23536E-08
NEO	NEO631	RR	RR	RR	0.992233203	0.007766797	2.10937E-29
NEO	NEO759	RR	RR	RR	0.999999512	4.88427E-07	2.95942E-84
NEO	NEO598	RR	RR	RR	0.984553654	0.015446346	9.80726E-24
NEO	NEO76	RR	RR	RR	0.799682123	0.200317836	4.15203E-08
NEO	NEO72	RD	RR	RR	4.44069E-08	0.999999956	2.05453E-11
NEO	NEO655	RR	RR	RR	0.969569465	0.030430535	9.95651E-21
NEO	NEO653	RR	RR	RR	0.996099736	0.003900264	3.21747E-33
NEO	NEO650	RR	RR	RR	0.799436646	0.20056328	7.4017E-08
NEO	NEO65	RR	RR	RR	0.999999006	9.94487E-07	1.31405E-70
NEO	NEO751	RR	RR	RR	0.887474902	0.112525098	8.88965E-12
RISE	RISE394	RR	RR	RR	0.799381536	0.200617442	1.02158E-06
RISE	RISE373	RR	RR	RR	0.658682635	0.333333333	0.007984032
RISE	RISE174	RR	RR	RR	1	1.21032E-13	7.6798E-169
RISE	RISE150	RR	RR	RR	0.998942205	0.001057795	5.0744E-129
RISE	RISE154	RR	RR	RR	0.88705901	0.112940987	2.78991E-09
RISE	RISE395	RR	RR	RR	0.999999517	4.83297E-07	1.93522E-80
RISE	RISE109	RR	RR	RR	0.984364969	0.015635031	2.9162E-21
RISE	RISE502	RD	RD	RD	4.38209E-08	0.999999956	1.68551E-30
RISE	RISE247	RD	RD	RR	9.76664E-10	0.99999845	1.54882E-06
RISE	RISE577	RD	RD	RD	3.40709E-20	1	7.19619E-19
RISE	RISE550	RD	RD	RR	3.02787E-06	0.99999697	2.56007E-09
RISE	RISE510	RD	RR	RR	0.013742134	0.986050199	0.000207667
RISE	RISE497	RR	RR	RR	1	3.73374E-12	7.2809E-239
RISE	RISE500	RR	RR	RR	0.997785776	0.002214224	2.80894E-52
RISE	RISE392	RR	RD	RR	0.50757932	0.49242068	7.31576E-30
RISE	RISE486	RR	RR	RR	0.79872341	0.201276256	3.34945E-07
RISE	RISE569	RD	RD	RD	2.90037E-18	1	5.13339E-13
RISE	RISE602	RD	RD	RD	2.55232E-17	1	1.67683E-19
RISE	RISE499	RD	RD	RD	1.6541E-30	0.999999537	4.63235E-07
RISE	RISE493	RR	RR	RR	1	1.46442E-17	1.1588E-210
RISE	RISE496	RR	RR	RR	0.999999998	1.95009E-09	3.8332E-106
RISE	RISE495	RR	RR	RR	0.999999985	1.52226E-08	1.3327E-101
RISE	RISE446	RR	RR	RR	0.799718991	0.200280603	4.05965E-07
RISE	RISE507	RR	RR	RR	0.664343786	0.333333333	0.00232288
RISE	RISE505	RR	RR	RR	1	2.98235E-23	7.6303E-280
RISE	RISE98	RR	RD	RD	1	1.60622E-13	4.6689E-247
RISE	RISE94	RR	RR	RR	0.999755186	0.000244814	6.09358E-49
RISE	RISE71	RR	RR	RR	0.96960681	0.03039319	3.34637E-19
RISE	RISE601	RR	RR	RR	0.998032499	0.001967501	4.52839E-37
RISE	RISE600	RR	RR	RR	0.969671975	0.030328025	3.83375E-21
RISE	RISE509	RR	RR	RR	0.999999877	1.22935E-07	2.35438E-83
RISE	RISE511	RR	RR	RR	1	1.85652E-18	1.5254E-217
RISE	RISE548	RR	RR	RR	0.992229653	0.007770347	8.12127E-27
RISE	RISE431	RR	RR	RR	0.799460259	0.200538098	1.64255E-06
RISE	RISE97	RR	RR	RR	0.999009705	0.000990295	5.32626E-37
RISE	RISE504	RR	RR	RR	0.998034032	0.001965968	6.0619E-36
RISE	RISE503	RR	RR	RR	0.940670468	0.059329532	2.07132E-14
RISE	RISE552	RR	RR	RR	1	6.11148E-11	8.5268E-125
RISE	RISE563	RR	RR	RR	0.799325273	0.200674551	1.75979E-07
RISE	RISE523	RR	RR	RR	0.999999938	6.16976E-08	5.87719E-83
RISE	RISE00	RR	RR	RR	0.999508787	0.000491213	6.7461E-43
VK	VK98	RR	RR	RR	1	7.28434E-15	6.0546E-180
VK	VK544	RR	RR	RR	0.999992322	7.67777E-06	2.6764E-67
VK	VK543	RR	RR	RR	0.969447026	0.030552974	4.63644E-19
VK	VK542	RR	RR	RR	0.999509021	0.000490979	8.37669E-43
VK	VK541	RR	RR	RR	0.998817489	0.001182511	1.46161E-80
VK	VK69	RR	RR	RR	0.996098654	0.003901346	2.94455E-32
VK	VK497	RR	RR	RR	0.999938365	6.16353E-05	1.42581E-52
VK	VK95	RR	RR	RR	0.999999969	3.11792E-08	5.82335E-87
VK	VK75	RR	RR	RR	0.66629609	0.333333333	0.000370576
VK	VK92	RR	RR	RR	0.9409463	0.0590537	2.55778E-14
VK	VK87	RR	RR	RR	0.999999038	9.61779E-07	1.25251E-80
VK	VK84	RR	RR	RR	0.999755149	0.000244851	1.56412E-48
VK	VK534	RR	RR	RR	0.999008695	0.000991305	3.23853E-39
VK	VK488	RD	RD	RD	5.5578E-24	0.99997354	2.64603E-05
VK	VK50	RR	RR	RR	1	2.2528E-22	1.8308E-268
VK	VK498	RR	RR	RR	0.999510991	0.000489009	6.1033E-44
VK	VK99	RR	RR	RR	0.992148961	0.007851039	3.6078E-27
VK	VK94	RR	RR	RR	0.665181886	0.333333333	0.001484781
VK	VK545	RR	RR	RR	0.996101998	0.003898002	1.67185E-32
VK	VK42	DD	DD	DD	1.301E-285	5.70839E-23	1
VK	VK549	RR	RR	RR	0.999999028	9.71828E-07	1.4239E-79
VK	VK344	RD	RR	RR	0.01329025	0.98670975	2.95757E-23
VK	VK320	RR	RR	RR	0.984597034	0.015402966	3.84001E-25
VK	VK218	RD	RD	RD	7.48965E-11	1	4.16956E-21
VK	VK219	RR	RR	RR	0.999984527	1.54725E-05	8.34008E-64
VK	VK22	RR	RR	RR	0.799024322	0.200968514	7.16357E-06
VK	VK220	RR	RR	RR	0.999003875	0.000996125	5.68498E-37
VK	VK221	RR	RR	RR	0.999969027	3.09727E-05	6.18591E-58
VK	VK223	RR	RR	RR	0.969642884	0.030357116	1.66488E-19
VK	VK165	RR	RR	RR	0.984598601	0.015401399	3.69479E-24
VK	VK167	RR	RR	RR	0.984548691	0.015451309	8.54082E-23
VK	VK17	RR	RR	RR	0.941143031	0.058856969	1.27493E-16
VK	VK170	RR	RR	RR	0.999509731	0.000490269	1.7265E-43
VK	VK172	RR	RR	RR	0.992229322	0.007770678	5.96821E-28
VK	VK173	RR	RR	RR	0.998046922	0.001953078	3.17632E-36
VK	VK204	RR	RR	RR	0.999755681	0.000244319	5.19083E-51
VK	VK175	RR	RR	RR	0.984440251	0.015559749	1.14608E-20
VK	VK177	RR	RR	RR	0.998039343	0.001960657	1.17553E-33
VK	VK319	RR	RR	RR	0.888733386	0.111266614	8.65841E-12
VK	VK183	RR	RR	RR	0.657276995	0.333333333	0.009389671
VK	VK184	RR	RR	RR	0.996030628	0.003969372	1.54151E-29
VK	VK186	RR	RR	RR	0.984602126	0.015397874	5.66605E-25
VK	VK187	RR	RR	RR	0.984443448	0.015556552	1.97195E-20
VK	VK19	RR	RR	RR	0.992163524	0.007836476	5.00818E-24
VK	VK190	RR	RR	RR	1	1.22544E-13	2.1967E-157
VK	VK18	RR	RR	RR	0.998049017	0.001950983	3.51321E-38
VK	VK349	RR	RR	RR	0.992231865	0.007768135	5.30125E-28
VK	VK506	RR	RR	RR	0.984581674	0.015418326	7.95096E-25
VK	VK507	RR	RR	RR	0.992208519	0.007791481	2.96071E-26
VK	VK176	RR	RR	RR	0.999968988	3.10119E-05	1.09582E-54
VK	VK317	RR	RR	RR	0.996099259	0.003900741	3.45584E-32
VK	VK326	RD	RD	RD	1.40775E-06	0.999998592	8.62248E-24
VK	VK242	RR	RR	RR	0.888379875	0.111620125	1.25265E-11
VK	VK256	RD	RD	RD	2.98588E-10	1	1.42936E-10
VK	VK33	RR	RR	RR	0.998034221	0.001965779	1.48757E-32
VK	VK315	RR	RR	RR	0.79872341	0.201276256	3.34945E-07
VK	VK327	RD	RD	RD	7.40593E-11	1	1.17308E-13
VK	VK290	RR	RR	RR	0.888842352	0.111157648	9.06993E-13
VK	VK261	RR	RR	RR	0.999017771	0.000982229	1.53504E-37
VK	VK264	RD	RD	RD	3.76885E-10	1	7.38055E-24
VK	VK265	RD	RR	RR	0.051103405	0.948896595	1.41243E-31
VK	VK273	RD	RR	RR	0.020923828	0.979076172	1.30348E-22
VK	VK274	RR	RR	RR	0.999005023	0.000994977	1.07888E-37
VK	VK278	RR	RR	RR	0.969678351	0.030321649	3.88709E-21
VK	VK279	RR	RR	RR	0.99802567	0.00197433	1.7359E-34
VK	VK281	RD	RR	RR	0.300227719	0.699772281	2.0325E-42
VK	VK284	RR	RR	RR	0.996075663	0.003924337	2.5658E-29
VK	VK285	RR	RR	RR	0.888839298	0.111160702	1.43761E-12
VK	VK203	RD	RR	RR	0.177686386	0.822313614	1.81455E-41
VK	VK286	RR	RR	RR	0.984562203	0.015437797	5.71914E-23
VK	VK258	RR	RR	RR	0.99222676	0.00777324	3.14585E-27
VK	VK257	RR	RR	RR	0.999020639	0.000979361	3.27836E-39
VK	VK23	RR	RR	RR	0.665909951	0.333333333	0.000756716
VK	VK230	RR	RR	RR	0.999981944	1.80565E-05	4.1375E-109
VK	VK232	RR	RR	RR	0.659793814	0.333333333	0.006872852
VK	VK234	RR	RR	RR	0.984350073	0.015649927	3.26214E-22
VK	VK236	RR	RR	RR	0.984534864	0.015465136	2.04788E-24
VK	VK237	RR	RR	RR	0.999755023	0.000244977	3.35174E-47
VK	VK238	RR	RR	RR	0.984601758	0.015398242	6.68107E-25
VK	VK29	RR	RR	RR	1	1.25218E-10	1.0309E-114
VK	VK241	RR	RR	RR	0.941041795	0.058958205	1.88286E-15
VK	VK244	RD	RD	RD	9.96518E-16	1	3.10379E-10
VK	VK245	RR	RR	RR	0.969147383	0.030852617	3.73886E-17
VK	VK25	RR	RR	RR	0.999992262	7.73838E-06	2.01518E-66
VK	VK259	RR	RR	RR	0.998044352	0.001955648	9.16113E-35
VK	VK313	RR	RR	RR	0.799515523	0.200484351	1.25729E-07
VK	VK179	RR	RR	RR	0.9997516	0.0002484	3.61023E-44
VK	VK202	RR	RR	RR	0.984593957	0.015406043	5.80137E-25
VK	VK388	RD	RD	RD	1.98518E-10	1	6.89321E-15
VK	VK328	RD	RD	RD	3.85263E-11	1	8.64822E-36
VK	VK207	RD	RD	RD	1.20502E-14	0.998316698	0.001683302
VK	VK432	DD	RD	RR	3.34945E-07	0.201276256	0.79872341
VK	VK1	RR	RR	RR	1	1.11737E-37	0
VK	VK201	DD	DD	DD	1.687E-20	0.030374841	0.969625159
VK	VK540	RD	RD	RR	0.045305398	0.954694602	1.55335E-11
VK	VK166	RR	RR	RR	0.999999992	8.45186E-09	7.864E-121
VK	VK454	RD	RD	RR	5.68771E-11	0.999996237	3.76273E-06
VK	VK122	RD	RD	RD	1.04799E-29	1	2.20156E-13
VK	VK539	RD	RD	RD	3.75485E-20	1	5.24536E-18
VK	VK366	RD	RD	RD	2.35107E-05	0.999976489	4.88661E-18
VK	VK475	RR	RR	RR	0.999999996	4.29451E-09	1.8305E-120
VK	VK350	RD	RD	RD	9.38824E-14	0.999999996	3.66464E-09
VK	VK346	RD	RD	RD	8.22087E-22	1	5.25081E-13
VK	VK287	RD	RD	RR	1.17237E-06	0.999998783	4.46008E-08
VK	VK127	RD	RD	RD	9.79595E-14	1	1.53969E-22
VK	VK521	RD	RD	RD	7.45432E-11	1	1.74384E-29
VK	VK282	DD	RD	RR	4.00209E-08	0.200159937	0.799840023
VK	VK297	RD	RR	RR	0.002485535	0.997510776	3.68964E-06
VK	VK479	RD	RD	RD	1.11579E-13	1	1.1531E-20
VK	VK474	RD	RD	RD	1.77768E-15	1	1.06363E-18
VK	VK493	RD	RD	RD	3.67472E-19	1	5.31464E-24
VK	VK294	RD	RD	RD	6.68233E-24	0.999999987	1.25006E-08
VK	VK361	RD	RD	RD	9.28796E-28	0.999980345	1.96551E-05
VK	VK303	RD	RD	RD	2.21917E-23	1	2.60307E-15
VK	VK352	RD	RD	RD	1.78552E-14	1	3.73475E-11
VK	VK70	RD	RD	RD	5.31726E-78	1	3.21729E-96
VK	VK118	RD	RD	RD	1.66508E-66	1	6.25337E-55
VK	VK387	RD	RD	RD	4.86459E-13	1	9.96383E-12
VK	VK262	RD	RD	RD	1.92444E-13	1	2.72347E-19
VK	VK491	RD	RD	RD	6.19392E-17	1	4.44898E-22
VK	VK205	RD	RD	RD	5.68771E-11	0.999996237	3.76273E-06
VK	VK138	RR	RR	RR	0.888754692	0.111245308	3.10938E-12
VK	VK139	RR	RR	RR	0.992239857	0.007760143	9.76031E-29
VK	VK141	RD	RR	RR	0.460463459	0.539536541	2.54165E-46
VK	VK143	RR	RR	RR	0.999501378	0.000498622	9.76493E-40
VK	VK144	RR	RR	RR	0.888261545	0.111738455	1.54994E-11
VK	VK145	RR	RR	RR	0.999877265	0.000122735	1.04355E-52
VK	VK146	RR	RR	RR	0.999877434	0.000122566	1.30521E-48
VK	VK147	RD	RR	RR	0.145295841	0.854704159	2.08307E-31
VK	VK151	RR	RR	RR	0.984557521	0.015442479	3.56196E-24
VK	VK154	RR	RR	RR	0.999999878	1.22163E-07	3.49775E-87
VK	VK156	RR	RR	RR	0.9696663	0.0303337	9.59927E-21
VK	VK157	RR	RR	RR	0.999874533	0.000125467	3.44133E-47
VK	VK159	RR	RR	RR	0.798327941	0.20167162	4.39398E-07
VK	VK160	RR	RR	RR	0.999992262	7.73761E-06	3.0665E-65
VK	VK20	RD	RD	RD	1.78572E-07	0.999999821	1.72826E-15
VK	VK15	RR	RR	RR	0.999876662	0.000123338	9.83572E-51
VK	VK134	RR	RR	RR	0.799930863	0.200069117	1.94492E-08
VK	VK129	RR	RR	RR	0.999999886	1.14435E-07	1.2435E-127
VK	VK128	RR	RR	RR	0.999501118	0.000498882	2.51658E-42
VK	VK124	RR	RR	RR	0.799743884	0.20025605	6.54133E-08
VK	VK117	RR	RR	RR	0.888245903	0.111754097	6.17325E-11
VK	VK123	RR	RR	RR	0.984533647	0.015466353	5.14526E-24
VK	VK110	RD	RD	RD	0.000912809	0.999087191	1.07665E-49
VK	VK108	RR	RR	RR	0.996102487	0.003897513	2.17934E-32
VK	VK102	RR	RR	RR	1	6.08253E-14	6.8102E-163
VK	VK111	RR	RR	RR	0.999014897	0.000985103	3.22606E-38
VK	VK550	RR	RR	RR	0.999724031	0.000275969	2.96153E-64
VK	VK254	DD	RD	RR	4.37488E-08	0.200174048	0.799825909
VK	VK552	RR	RR	RR	0.875925614	0.124074386	5.77886E-26
VK	VK402	RD	RD	RD	1.23348E-16	1	6.66966E-19
VK	VK101	RR	RR	RR	0.999877642	0.000122358	2.28092E-53
VK	VK548	RR	RR	RR	0.999999985	1.54448E-08	5.92194E-97
VK	VK31	RR	RR	RR	0.799870819	0.200129141	3.94141E-08
VK	VK291	RR	RR	RR	0.996051751	0.003948249	6.59512E-27
VK	VK533	RR	RR	RR	1	4.58956E-13	4.8952E-164
VK	VK487	RR	RR	RR	0.998043572	0.001956428	3.33845E-36
VK	VK489	RR	RR	RR	0.999969235	3.07645E-05	7.50235E-57
VK	VK490	RR	RR	RR	0.998045062	0.001954938	1.25148E-36
VK	VK58	RR	RR	RR	1	3.73758E-12	1.9251E-149
VK	VK513	RR	RR	RR	0.998037111	0.001962889	8.48288E-35
VK	VK6	RR	RR	RR	1	3.79917E-12	8.1556E-143
VK	VK65	RD	RR	RR	0.000209246	0.992025796	0.007764958
VK	VK385	RR	RR	RR	0.984595697	0.015404303	4.19777E-25
VK	VK386	RR	RR	RR	0.665909951	0.333333333	0.000756716
VK	VK389	RD	RR	RR	0.01316465	0.98683535	1.40585E-23
VK	VK419	RD	RD	RD	4.4475E-22	1	3.12162E-17
VK	VK420	RR	RR	RR	0.999754969	0.000245031	2.8488E-48
VK	VK446	RD	RR	RR	0.026261294	0.973738706	5.83554E-30
VK	VK461	RR	RR	RR	0.666423091	0.333333333	0.000243576
VK	VK44	RR	RR	RR	0.969315389	0.030684611	1.49868E-18
VK	VK460	RR	RR	RR	0.799852406	0.200147557	3.67502E-08
VK	VK442	RR	RR	RR	0.999969415	3.0585E-05	1.83937E-60
VK	VK444	RR	RR	RR	0.887441337	0.112558661	2.03519E-09
VK	VK46	RR	RR	RR	0.999999996	4.3523E-09	1.5369E-157
VK	VK458	RR	RR	RR	0.666423091	0.333333333	0.000243576
VK	VK373	RR	RR	RR	0.98450304	0.01549696	3.08607E-21
VK	VK445	RR	RR	RR	0.999013396	0.000986604	9.35463E-36
VK	VK457	RR	RR	RR	0.88858458	0.11141542	7.38337E-12
VK	VK456	RD	RD	RD	6.12175E-20	0.925863715	0.074136285
VK	VK448	RD	RD	RD	2.80213E-21	1	1.42024E-33
VK	VK449	RD	RR	RR	0.004220616	0.995779384	9.22947E-14
VK	VK455	RR	RR	RR	0.999018811	0.000981189	1.28733E-40
VK	VK422	RR	RR	RR	0.799852406	0.200147557	3.67502E-08
VK	VK486	RR	RR	RR	0.996102347	0.003897653	3.6061E-33
VK	VK485	RR	RR	RR	0.969288652	0.030711348	3.06635E-17
VK	VK484	RD	RD	RD	7.12871E-07	0.999999287	2.57004E-21
VK	VK483	RR	RR	RR	0.999968989	3.10112E-05	5.59451E-53
VK	VK551	RR	RR	RR	0.999999513	4.86938E-07	5.1311E-80
VK	VK535	RD	RR	RR	0.032733383	0.967266617	1.29776E-25
VK	VK553	RR	RR	RR	0.969651578	0.030348422	2.37962E-20
VK	VK555	RR	RR	RR	0.984491035	0.015508965	8.32645E-23
VK	VK56	RD	RR	RR	0.050955317	0.949044683	7.18716E-31
VK	VK538	RD	RR	RR	0.0053028	0.9946972	1.39288E-14
VK	VK496	RR	RR	RR	0.99803547	0.00196453	1.62647E-35
VK	VK495	RR	RR	RR	0.998049122	0.001950878	2.79019E-38
VK	VK492	RR	RR	RR	0.984558407	0.015441593	1.41779E-24
VK	VK514	RD	RD	RD	0.006630542	0.993369458	1.57318E-19
VK	VK516	RR	RR	RR	0.999751715	0.000248285	1.08776E-45
VK	VK517	RR	RR	RR	0.998042738	0.001957262	2.58511E-35
VK	VK518	RR	RR	RR	0.888037516	0.111962483	1.82153E-09
VK	VK519	RR	RR	RR	0.666270077	0.333333333	0.000396589
VK	VK466	RR	RR	RR	0.658682635	0.333333333	0.007984032
VK	VK520	RR	RR	RR	0.999013162	0.000986838	5.80979E-39
VK	VK524	RD	RD	RD	2.4982E-15	0.999999998	1.68008E-09
VK	VK525	RR	RR	RR	0.999753608	0.000246392	1.03664E-44
VK	VK526	RR	RR	RR	0.999938506	6.1494E-05	1.28862E-55
VK	VK528	RR	RR	RR	0.999011263	0.000988737	3.02917E-39
VK	VK529	RR	RR	RR	0.999009216	0.000990784	1.38641E-39
VK	VK53	RR	RR	RR	0.999938851	6.11487E-05	2.59163E-58
VK	VK530	RD	RD	RD	5.29219E-19	1	4.49083E-14
VK	VK532	RR	RR	RR	0.99999997	3.04858E-08	1.02763E-96
VK	VK505	RR	RR	RR	0.998021575	0.001978425	2.14526E-32
VK	VK504	RR	RR	RR	0.992241931	0.007758069	2.49652E-29
VK	VK477	RR	RR	RR	0.999504832	0.000495168	8.54761E-40
VK	VK358	RR	RR	RR	0.96949786	0.03050214	3.26703E-19
VK	VK480	RR	RR	RR	0.998995374	0.001004626	8.80857E-37
VK	VK481	RR	RR	RR	0.99996903	3.09695E-05	2.37191E-57
VK	VK522	RR	RR	RR	1	1.45691E-17	6.1346E-207
VK	VK308	RR	RR	RR	0.992242196	0.007757804	1.98286E-29
VK	VK426	RR	RR	RR	0.798327941	0.20167162	4.39398E-07
VK	VK452	RR	RR	RR	0.799926176	0.200073807	1.72658E-08
VK	VK60	RR	RR	RR	0.996097101	0.003902899	2.15583E-31
VK	VK512	RR	RR	RR	0.998046614	0.001953386	4.35452E-36
VK	VK473	RR	RR	RR	0.999505932	0.000494068	1.16783E-41
VK	VK508	RR	RR	RR	0.999018077	0.000981923	9.69336E-40
VK	VK330	RR	RR	RR	0.996085734	0.003914266	2.00384E-31
VK	VK332	RD	RR	RR	0.176329467	0.823670533	5.93763E-39
VK	VK333	RR	RR	RR	0.992216945	0.007783055	1.58488E-26
VK	VK334	RR	RR	RR	0.992179804	0.007820196	2.16124E-27
VK	VK335	RD	RR	RR	0.000204895	0.975558897	0.024236208
VK	VK336	RR	RR	RR	0.941131579	0.058868421	1.11614E-16
VK	VK337	RR	RR	RR	0.999937822	6.2178E-05	5.19533E-55
VK	VK34	RR	RR	RR	0.984303139	0.015696861	2.71547E-20
VK	VK340	RR	RR	RR	0.888525309	0.111474691	2.17923E-11
VK	VK342	RR	RR	RR	0.999755093	0.000244907	7.62592E-48
VK	VK343	RD	RD	RD	4.71783E-12	0.999999382	6.17633E-07
VK	VK511	RR	RR	RR	0.999938493	6.15069E-05	4.8643E-53
VK	VK345	RD	RD	RD	1.20524E-09	0.999999999	9.92741E-36
VK	VK348	RD	RR	RR	0.025820964	0.974179036	5.1293E-27
VK	VK35	RR	RR	RR	0.969625159	0.030374841	1.687E-20
VK	VK353	RR	RR	RR	0.999874571	0.000125429	5.09476E-46
VK	VK355	RD	RD	RD	5.26052E-19	0.999999955	4.45693E-08
VK	VK325	RR	RR	RR	0.888627096	0.111372904	3.83065E-11
VK	VK324	RR	RR	RR	0.999999511	4.89418E-07	3.23054E-84
VK	VK323	RR	RD	RR	0.684711457	0.315288543	6.06597E-27
VK	VK322	RR	RR	RR	0.984478415	0.015521585	1.22974E-22
VK	VK30	RR	RR	RR	0.941008388	0.058991612	2.46211E-15
VK	VK300	RR	RR	RR	0.799933057	0.200066928	1.54485E-08
VK	VK301	RR	RR	RR	0.888729985	0.111270015	1.09014E-11
VK	VK306	RR	RR	RR	0.984290145	0.015709855	1.42523E-20
VK	VK369	RR	RR	RR	0.996001053	0.003998947	2.45425E-26
VK	VK368	RR	RR	RR	0.999019827	0.000980173	1.22186E-38
VK	VK367	RR	RR	RR	0.992236774	0.007763226	3.08913E-29
VK	VK364	RR	RR	RR	0.984591494	0.015408506	1.33262E-23
VK	VK434	RR	RR	RR	0.799515523	0.200484351	1.25729E-07
VK	VK433	RR	RR	RR	0.999504052	0.000495948	2.5218E-40
VK	VK372	RD	RD	RD	1.47563E-10	1	1.99365E-20
VK	VK371	RR	RR	RR	0.969542344	0.030457656	3.81673E-20
VK	VK370	RR	RR	RR	0.984519022	0.015480978	7.89316E-23
VK	VK554	RR	RR	RR	0.996044176	0.003955824	1.30686E-28
VK	VK468	RR	RR	RR	0.999999508	4.92134E-07	1.29134E-75
VK	VK393	RD	RR	RR	8.87662E-08	0.999999911	5.54788E-10
VK	VK394	RR	RR	RR	0.984556018	0.015443982	1.19031E-22
VK	VK395	RD	RD	RD	5.65217E-06	0.999994348	6.90134E-20
VK	VK397	RR	RR	RR	0.992109647	0.007890353	1.3412E-24
VK	VK398	RR	RR	RR	0.998042125	0.001957875	7.2637E-35
VK	VK399	RD	RD	RD	1.65987E-18	1	1.13008E-21
VK	VK40	RR	RR	RR	0.999999515	4.84784E-07	1.04334E-86
VK	VK429	RR	RR	RR	0.99999206	7.94049E-06	1.04486E-60
VK	VK400	RR	RR	RR	0.996098721	0.003901279	2.68347E-31
VK	VK403	RR	RR	RR	0.999969289	3.07115E-05	2.11105E-56
VK	VK404	RR	RR	RR	0.999937196	6.28041E-05	2.23997E-54
VK	VK392	RD	RD	RD	1.5059E-10	1	8.61792E-25
VK	VK405	RR	RR	RR	0.969100229	0.030899771	7.85513E-15
VK	VK408	RR	RR	RR	0.799791046	0.200208901	5.29567E-08
VK	VK409	RR	RR	RR	0.940479512	0.059520488	1.16325E-14
VK	VK469	RR	RR	RR	0.888477315	0.111522685	1.86336E-10
VK	VK414	RR	RR	RR	0.57274116	0.42725884	2.04806E-41
VK	VK417	RR	RR	RR	0.999874321	0.000125679	6.44443E-48
VK	VK418	RD	RR	RR	8.9122E-08	0.999999911	1.98933E-10
VK	VK406	RR	RR	RR	0.999752048	0.000247952	4.11241E-46
VK	VK391	RR	RR	RR	0.799920249	0.200079712	3.88135E-08
VK	VK390	RR	RR	RR	0.999876017	0.000123983	1.19423E-48
VK	VK362	RR	RR	RR	0.941044114	0.058955886	3.09867E-16
VK	VK401	RR	RR	RR	0.969419616	0.030580384	8.43568E-19
VK	VK547	RR	RR	RR	0.999999939	6.10032E-08	1.38659E-90