Assigned	Sample	No_filter	Permissive_filter	Strict_filter	pRR_Data_n	pRD_Data_n	pDD_Data_n
BOTAI	DA355	RD	RD	RR	0.003460916	0.996010711	0.000528373
BOTAI	RISE719	RR	RR	RR	0.941021145	0.058978855	4.11454E-15
BOTAI	RISE718	RD	RD	RD	0.001663748	0.998336252	1.6672E-13
BOTAI	DA357	RD	RD	RD	0.000202152	0.96517458	0.034623268
BOTAI	RISE683	RR	RR	RR	0.992227919	0.007772081	4.49074E-27
BOTAI	RISE674	RR	RR	RR	0.999876611	0.000123389	1.55512E-50
BOTAI	RISE672	RR	RR	RR	0.999984441	1.55591E-05	9.12509E-60
BOTAI	RISE671	RR	RR	RR	0.665691295	0.333333333	0.000975372
BOTAI	DA335	RR	RR	RR	0.888819662	0.111180338	1.47706E-12
BOTAI	RISE685	RR	RR	RR	0.999507277	0.000492723	3.5266E-42
BOTAI	DA336	RD	RD	RD	3.76482E-06	0.999996235	7.46376E-12
BOTAI	DA354	DD	RD	RR	0.00232288	0.333333333	0.664343786
BOTAI	DA339	RR	RR	RR	0.969649374	0.030350626	1.12603E-19
BOTAI	DA361	RD	RD	RR	1.74417E-06	0.999998253	2.3964E-09
BOTAI	DA252	RD	RD	RD	6.56549E-13	1	4.43516E-30
BOTAI	DA358	DD	DD	DD	4.19165E-26	0.007832158	0.992167842
BOTAI	DA253	RD	RD	RD	1.62221E-14	1	2.62969E-13
BOTAI	DA334	RD	RD	RD	8.16105E-05	0.999911528	6.86114E-06
BOTAI	Sidelkino	DD	RR	RR	0.000219226	0.333333333	0.666447441
BOTAI	RISE516	RD	RD	RR	0.026805473	0.973194527	2.59783E-13
BOTAI	DA337	DD	DD	DD	4.31773E-11	0.111306709	0.888693291
BOTAI	BOT14	RR	RR	RR	0.999864185	0.000135815	8.0021E-110
BOTAI	DA245	DD	DD	DD	4.98491E-44	0.000489347	0.999510653
BOTAI	DA249	RD	RD	RD	2.47131E-36	1	1.53774E-26
BOTAI	BOT2016	RD	RD	RD	2.0628E-165	1	7.9475E-204
BOTAI	DA251	RD	RD	RD	1.38183E-09	0.999964061	3.59381E-05
BOTAI	DA340	RR	RR	RR	0.984594543	0.015405457	6.9673E-25
BOTAI	DA345	RR	RR	RR	0.9845921	0.0154079	1.21505E-24
BOTAI	DA343	RR	RR	RR	0.984594141	0.015405859	2.71912E-24
BOTAI	Yamnaya	RR	RR	RR	1	2.58856E-38	0
BOTAI	MA2210	RR	RR	RR	0.999503511	0.000496489	8.99858E-37
BOTAI	MA2206	RR	RR	RR	0.799809286	0.200190431	2.83379E-07
BOTAI	MA2203	RR	RR	RR	0.799809286	0.200190431	2.83379E-07
BOTAI	MA2200	RR	RR	RR	0.999996162	3.83849E-06	7.33711E-72
BOTAI	DA341	RR	RR	RR	0.996100245	0.003899755	2.14162E-32
BOTAI	EBA2	RR	RR	RR	1	9.19326E-13	2.4851E-224
BOTAI	MA2212	RR	RR	RR	0.799550303	0.200449581	1.16543E-07
BOTAI	MA2205	RR	RR	RR	0.98458361	0.01541639	1.01549E-23
BOTAI	DA248	RR	RR	RR	0.99999805	1.94952E-06	2.22766E-69
BOTAI	DA383	RD	RD	RD	1.41201E-07	0.999999857	2.09729E-09
BOTAI	MA2195	RR	RR	RR	0.799896296	0.200103679	2.51578E-08
BOTAI	RISE664	RR	RR	RR	1	4.71128E-10	2.4216E-118
BOTAI	RISE681	RD	RD	RD	0.000840207	0.999159791	2.54574E-09
BOTAI	DA247	RD	RD	RD	5.2567E-33	1	4.44555E-30
BOTAI	BOT15	RR	RR	RR	0.999998087	1.91347E-06	2.0216E-108
BOTAI	DA250	RR	RR	RR	0.992232335	0.007767665	1.91319E-27
BOTAI	MA2213	RR	RR	RR	0.969657315	0.030342685	5.06807E-20
BOTAI	EBA1	RR	RR	RR	0.999999939	6.13771E-08	4.0865E-123
BOTAI	RISE662	RR	RR	RR	0.88869336	0.11130664	7.24916E-12
BOTAI	DA246	RR	RR	RR	0.999938642	6.13585E-05	8.76906E-57
BOTAI	DA362	RR	RR	RR	0.941117474	0.058882526	1.25924E-16
NEO	NEO501	RR	RR	RR	0.664526485	0.333333333	0.002140182
NEO	NEO502	RR	RR	RR	0.940501433	0.059498567	2.11663E-16
NEO	NEO171	RR	RR	RR	0.941139117	0.058860883	1.04012E-17
NEO	NEO498	RD	RD	RD	3.79174E-11	1	3.54026E-31
NEO	NEO310	RR	RR	RR	0.996088121	0.003911879	1.5563E-29
NEO	NEO503	RR	RR	RR	0.887062518	0.112937427	5.53468E-08
NEO	NEO307	RR	RR	RR	0.666270077	0.333333333	0.000396589
NEO	NEO861	RR	RR	RR	0.940501433	0.059498567	2.11663E-16
NEO	NEO539	RR	RR	RR	0.797716284	0.202283414	3.01761E-07
NEO	NEO589	RR	RR	RR	1	7.5039E-12	3.805E-148
NEO	NEO856	RR	RR	RR	0.66611088	0.333333333	0.000555787
NEO	NEO866	RR	RR	RR	0.992155815	0.007844185	6.43443E-28
NEO	NEO27	RR	RR	RR	0.999019301	0.000980699	3.13576E-39
NEO	NEO160	RD	RD	RD	4.48102E-08	0.999999955	1.56435E-15
NEO	NEO28	RR	RR	RR	0.799900525	0.200099462	1.26078E-08
NEO	NEO816	RR	RR	RR	0.94102112	0.05897888	1.75051E-14
NEO	NEO300	RR	RR	RR	0.992103963	0.007896037	4.93445E-25
NEO	NEO302	RR	RR	RR	0.999999518	4.81688E-07	5.98433E-80
NEO	NEO304	RR	RR	RR	0.984593955	0.015406045	2.05446E-25
NEO	NEO305	RR	RR	RR	0.999998064	1.93575E-06	1.01638E-74
NEO	NEO516	RD	RD	RR	0.000105591	0.997520836	0.002373574
NEO	NEO260	RR	RR	RR	0.999999998	1.87985E-09	5.025E-121
NEO	NEO558	RR	RR	RR	0.888806692	0.111193308	2.94825E-12
NEO	NEO560	RR	RR	RR	0.992186271	0.007813729	8.79106E-28
NEO	NEO568	RR	RR	RR	0.999969237	3.07631E-05	1.14482E-59
NEO	NEO195	RR	RR	RR	0.799809286	0.200190431	2.83379E-07
NEO	NEO570	RR	RR	RR	0.999938342	6.16577E-05	2.11588E-54
NEO	NEO552	RR	RR	RR	0.799733737	0.200266228	3.46875E-08
NEO	NEO518	RR	RR	RR	0.799809286	0.200190431	2.83379E-07
NEO	NEO524	RR	RR	RR	0.662952646	0.333333333	0.00371402
NEO	NEO509	RR	RR	RR	0.999984568	1.54324E-05	1.61322E-67
NEO	NEO194	RR	RR	RR	0.996105613	0.003894387	3.41581E-35
NEO	NEO563	RD	RD	RD	2.06957E-07	0.999999782	1.12124E-08
NEO	NEO166	RR	RR	RR	0.996070925	0.003929075	1.84969E-33
NEO	NEO555	RD	RD	RD	2.07996E-20	0.999999993	6.64761E-09
NEO	NEO631	RD	RD	RD	2.60329E-18	1	1.76702E-50
NEO	NEO306	RD	RD	RD	8.22611E-40	1	4.28386E-23
NEO	NEO261	RD	RD	RD	4.14574E-20	1	3.13572E-38
NEO	NEO309	RD	RD	RD	8.14329E-10	0.999999999	2.09714E-28
NEO	NEO537	RR	RR	RR	0.666270077	0.333333333	0.000396589
NEO	NEO843	DD	DD	DD	5.18468E-22	0.030320042	0.969679958
NEO	NEO813	RD	RD	RD	2.08006E-28	1	6.68957E-31
NEO	NEO752	RD	RD	RD	7.79636E-11	1	6.28661E-17
NEO	NEO199	RD	RD	RD	5.29913E-07	0.999999218	2.51709E-07
NEO	NEO904	RD	RR	RR	0.053326725	0.94657443	9.88453E-05
NEO	NEO174	RR	RR	RR	0.941066399	0.058933601	6.79944E-15
NEO	NEO212	RR	RR	RR	0.99999904	9.6026E-07	1.67389E-82
NEO	NEO175	RR	RR	RR	0.941107612	0.058892388	2.33801E-16
NEO	NEO137	RR	RR	RR	0.665691295	0.333333333	0.000975372
NEO	NEO123	RR	RR	RR	0.666270077	0.333333333	0.000396589
NEO	NEO120	RR	RR	RR	0.799900525	0.200099462	1.26078E-08
NEO	NEO173	RR	RR	RR	0.66527633	0.333333333	0.001390337
NEO	NEO116	RR	RR	RR	0.999984651	1.53489E-05	7.54983E-61
NEO	NEO115	RR	RR	RR	0.99950298	0.00049702	2.23134E-40
NEO	NEO142	RR	RR	RR	0.984555337	0.015444663	2.33117E-24
NEO	NEO225	RR	RR	RR	0.999999996	3.8538E-09	2.169E-104
NEO	NEO172	RR	RR	RR	0.798054062	0.201945294	6.43493E-07
NEO	NEO220	RD	RD	RD	2.24052E-08	0.999999977	3.87869E-10
NEO	NEO178	RR	RR	RR	0.941107612	0.058892388	2.33801E-16
NEO	NEO202	RR	RR	RR	0.999020755	0.000979245	1.77065E-40
NEO	NEO197	RR	RR	RR	0.940962212	0.059037788	1.26482E-15
NEO	NEO18	RR	RR	RR	0.999969407	3.0593E-05	3.9768E-62
NEO	NEO181	RR	RR	RR	0.666270077	0.333333333	0.000396589
NEO	NEO189	RR	RR	RR	0.799669768	0.200329534	6.97427E-07
NEO	NEO538	RR	RR	RR	0.999984709	1.52915E-05	1.32426E-69
NEO	NEO88	RR	RR	RR	0.996099811	0.003900189	1.3725E-30
NEO	NEO536	RR	RR	RR	0.799171177	0.200826646	2.1771E-06
NEO	NEO917	RR	RR	RR	0.999996172	3.82763E-06	5.26508E-77
NEO	NEO792	RR	RR	RR	0.799700905	0.200299056	3.90338E-08
NEO	NEO806	RR	RR	RR	0.941004392	0.058995608	2.07043E-16
NEO	NEO812	RR	RR	RR	1	3.77355E-12	6.9625E-148
NEO	NEO819	RR	RR	RR	0.798060824	0.201938919	2.56151E-07
NEO	NEO823	RR	RR	RR	0.799700905	0.200299056	3.90338E-08
NEO	NEO83	RR	RR	RR	0.941093464	0.058906536	1.57177E-15
NEO	NEO886	RR	RR	RR	0.888507553	0.111492447	2.37333E-12
NEO	NEO891	RR	RR	RR	0.666270077	0.333333333	0.000396589
NEO	NEO93	RR	RR	RR	0.984580697	0.015419303	2.19606E-23
NEO	NEO932	RR	RR	RR	0.999877505	0.000122495	2.72806E-54
NEO	NEO933	RR	RR	RR	0.799554574	0.200445368	5.84054E-08
NEO	NEO935	RR	RR	RR	0.999999879	1.20635E-07	1.91833E-94
NEO	NEO938	RR	RR	RR	0.969676365	0.030323635	2.83773E-22
NEO	NEO925	RR	RR	RR	0.799480734	0.200519197	6.81804E-08
NEO	NEO943	RR	RR	RR	0.999014835	0.000985165	1.34622E-36
NEO	NEO945	RR	RR	RR	0.888824871	0.111175129	3.70965E-13
NEO	NEO946	RR	RR	RR	0.999013042	0.000986958	9.08515E-39
NEO	NEO951	RR	RR	RR	0.969676365	0.030323635	2.83773E-22
NEO	NEO878	RR	RR	RR	0.984333112	0.015666888	2.77338E-21
NEO	NEO921	RR	RR	RR	0.941125227	0.058874773	9.19403E-17
NEO	NEO898	RR	RR	RR	0.999877806	0.000122194	1.41217E-57
NEO	NEO902	RR	RR	RR	0.666270077	0.333333333	0.000396589
NEO	NEO911	RR	RR	RR	0.999877756	0.000122244	7.97004E-57
NEO	NEO497	RR	RR	RR	0.665077473	0.333333333	0.001589193
NEO	NEO23	RR	RR	RR	0.888875836	0.111124164	6.57127E-14
NEO	NEO281	RR	RR	RR	0.999752458	0.000247542	1.55192E-48
NEO	NEO36	RR	RR	RR	0.998045238	0.001954762	2.51223E-37
NEO	NEO646	RR	RR	RR	0.999509506	0.000490494	4.58338E-46
NEO	NEO791	RR	RR	RR	0.999877203	0.000122797	6.90337E-55
NEO	NEO77	RR	RR	RR	0.66527633	0.333333333	0.001390337
NEO	NEO790	RR	RR	RR	0.939898701	0.060101299	8.80606E-15
NEO	NEO732	RR	RR	RR	0.666270077	0.333333333	0.000396589
NEO	NEO640	RR	RR	RR	0.799894101	0.200105868	3.1673E-08
NEO	NEO587	RR	RR	RR	0.941074524	0.058925476	4.68423E-16
NEO	NEO870	RR	RR	RR	0.888665661	0.111334339	2.29433E-11
NEO	NEO847	RR	RR	RR	0.969596975	0.030403025	5.59894E-19
NEO	NEO738	RR	RR	RR	0.992176914	0.007823086	7.77604E-30
NEO	NEO641	RR	RR	RR	0.666270077	0.333333333	0.000396589
NEO	NEO648	RR	RR	RR	0.999877425	0.000122575	1.94277E-55
NEO	NEO65	RR	RR	RR	0.888819662	0.111180338	1.47706E-12
NEO	NEO658	RR	RR	RR	0.666270077	0.333333333	0.000396589
NEO	NEO671	RR	RR	RR	0.666270077	0.333333333	0.000396589
NEO	NEO632	RR	RR	RR	0.998043058	0.001956942	5.75097E-35
NEO	NEO595	RR	RR	RR	0.666270077	0.333333333	0.000396589
NEO	NEO600	RR	RR	RR	0.666270077	0.333333333	0.000396589
NEO	NEO602	RR	RR	RR	0.664832646	0.333333333	0.001834021
NEO	NEO62	RR	RR	RR	0.941127466	0.058872534	1.6495E-16
NEO	NEO70	RR	RR	RR	0.999511189	0.000488811	2.00299E-47
NEO	NEO677	RR	RR	RR	0.888819662	0.111180338	1.47706E-12
NEO	NEO626	RR	RR	RR	0.798780475	0.201216188	3.33659E-06
NEO	NEO717	RR	RR	RR	0.992235839	0.007764161	1.28017E-29
NEO	NEO694	RR	RR	RR	0.888820914	0.111179086	9.31931E-13
NEO	NEO721	RR	RR	RR	0.799809286	0.200190431	2.83379E-07
NEO	NEO735	RR	RR	RR	0.799900525	0.200099462	1.26078E-08
NEO	NEO749	RR	RR	RR	0.984563388	0.015436612	3.27983E-25
NEO	NEO739	RR	RR	RR	0.969675187	0.030324813	7.12889E-22
NEO	NEO751	RR	RR	RR	0.665576451	0.333333333	0.001090215
NEO	NEO737	RR	RR	RR	0.888621029	0.111378971	2.92711E-11
NEO	NEO746	RR	RR	RR	0.888429241	0.111570759	5.68895E-12
NEO	NEO745	RR	RR	RR	0.969615893	0.030384107	7.19283E-20
NEO	NEO590	RR	RR	RR	0.992144742	0.007855258	2.09486E-27
NEO	NEO744	RR	RR	RR	0.799900525	0.200099462	1.26078E-08
NEO	NEO759	RR	RR	RR	0.999999501	4.99377E-07	4.12316E-83
RISE	RISE504	RD	RD	RD	9.94124E-09	0.999985276	1.47143E-05
RISE	RISE407	DD	DD	RR	3.09867E-16	0.058955886	0.941044114
RISE	RISE500	RR	RR	RR	0.666270077	0.333333333	0.000396589
RISE	RISE496	RR	RR	RR	0.98443892	0.01556108	5.52959E-20
RISE	RISE493	RD	RD	RD	1.67745E-18	1	1.19215E-17
RISE	RISE486	RR	RR	RR	0.662952646	0.333333333	0.00371402
RISE	RISE392	RR	RR	RR	0.998043432	0.001956568	1.88437E-36
RISE	RISE497	RD	RD	RD	2.43989E-39	1	3.56166E-22
RISE	RISE601	RR	RR	RR	0.799855838	0.200144118	4.43955E-08
RISE	RISE502	RR	RR	RR	0.94103097	0.05896903	8.33403E-16
RISE	RISE505	RR	RR	RR	0.99999994	6.0051E-08	3.96705E-91
RISE	RISE509	RR	RR	RR	0.998047645	0.001952355	4.06599E-37
RISE	RISE569	RR	RR	RR	0.666270077	0.333333333	0.000396589
RISE	RISE523	RR	RR	RR	0.984570098	0.015429902	8.42918E-23
RISE	RISE00	RR	RR	RR	0.888819662	0.111180338	1.47706E-12
RISE	RISE503	RR	RR	RR	0.888715337	0.111284663	5.1167E-12
RISE	RISE511	RR	RR	RR	0.999992196	7.80448E-06	2.73234E-66
VK	VK539	RR	RR	RR	0.992174715	0.007825285	5.24865E-27
VK	VK552	RR	RR	RR	0.998994394	0.001005606	2.5892E-34
VK	VK551	RR	RR	RR	0.999755257	0.000244743	1.35231E-47
VK	VK549	RR	RR	RR	0.999016331	0.000983669	1.11846E-37
VK	VK548	RR	RR	RR	0.999999758	2.41879E-07	2.0182E-84
VK	VK547	RR	RR	RR	0.99999994	6.00387E-08	8.13429E-94
VK	VK545	RR	RR	RR	0.999984641	1.53585E-05	1.68054E-62
VK	VK544	RR	RR	RR	0.999755359	0.000244641	1.07284E-48
VK	VK543	RR	RR	RR	0.999010941	0.000989059	9.26909E-37
VK	VK542	RD	RD	RD	0.000841293	0.999158707	4.25471E-10
VK	VK541	RR	RR	RR	0.999509745	0.000490255	5.13318E-45
VK	VK540	RD	RD	RD	5.1881E-08	0.933065936	0.066934012
VK	VK494	RR	RR	RR	0.799550303	0.200449581	1.16543E-07
VK	VK98	RR	RR	RR	0.888811765	0.111188235	3.71108E-12
VK	VK94	RR	RR	RR	0.799896296	0.200103679	2.51578E-08
VK	VK90	RR	RR	RR	0.799862262	0.200137612	1.26162E-07
VK	VK87	RR	RR	RR	0.99975337	0.00024663	1.26356E-47
VK	VK84	RR	RR	RR	0.799896296	0.200103679	2.51578E-08
VK	VK70	RR	RR	RR	0.99999988	1.19677E-07	1.10696E-93
VK	VK538	RR	RR	RR	0.992175336	0.007824664	2.08903E-27
VK	VK537	RR	RR	RR	0.996105155	0.003894845	8.58315E-34
VK	VK496	RR	RR	RR	0.999984364	1.56364E-05	1.31224E-60
VK	VK495	RR	RR	RR	0.996096311	0.003903689	3.6003E-30
VK	VK264	RR	RR	RR	0.996102793	0.003897207	1.92964E-32
VK	VK492	RD	RD	RD	1.0487E-19	0.999981401	1.85988E-05
VK	VK69	RR	RR	RR	0.940462183	0.059537817	4.75968E-14
VK	VK92	RR	RR	RR	0.799896296	0.200103679	2.51578E-08
VK	VK236	RD	RD	RD	7.34109E-28	1	4.59373E-16
VK	VK525	RR	RR	RR	0.984602363	0.015397637	2.41373E-25
VK	VK168	RR	RR	RR	0.999013825	0.000986175	1.56828E-37
VK	VK17	RR	RR	RR	0.969603639	0.030396361	2.2022E-18
VK	VK170	RR	RR	RR	0.998027676	0.001972324	2.92301E-33
VK	VK172	RR	RR	RR	0.999510859	0.000489141	2.55561E-44
VK	VK173	RR	RR	RR	0.99610305	0.00389695	9.66917E-33
VK	VK175	RR	RR	RR	0.969652271	0.030347729	1.46924E-19
VK	VK177	RR	RR	RR	0.969646417	0.030353583	1.07135E-19
VK	VK186	RR	RR	RR	0.984418814	0.015581186	1.10474E-22
VK	VK187	RR	RR	RR	0.799896296	0.200103679	2.51578E-08
VK	VK19	RR	RR	RR	0.799800728	0.200199221	5.03995E-08
VK	VK166	RR	RR	RR	1	7.58143E-12	8.1942E-145
VK	VK167	RR	RR	RR	0.969620084	0.030379916	1.26451E-18
VK	VK190	RR	RR	RR	1	5.81117E-14	2.8387E-174
VK	VK508	RR	RR	RR	0.984583178	0.015416822	6.02251E-24
VK	VK509	RR	RR	RR	0.996067499	0.003932501	1.70182E-30
VK	VK510	RR	RR	RR	0.984591407	0.015408593	5.34612E-25
VK	VK511	RR	RR	RR	0.996079761	0.003920239	1.44657E-30
VK	VK512	RR	RR	RR	0.999754245	0.000245755	2.8352E-48
VK	VK513	RR	RR	RR	0.999968871	3.1129E-05	8.40847E-55
VK	VK514	RR	RR	RR	0.992230685	0.007769315	8.0573E-28
VK	VK515	RR	RR	RR	0.887679725	0.112320275	4.76143E-11
VK	VK516	RR	RR	RR	0.99987528	0.00012472	1.27726E-48
VK	VK517	RR	RR	RR	0.999511137	0.000488863	1.43125E-45
VK	VK308	RR	RR	RR	0.998047227	0.001952773	4.56496E-37
VK	VK358	RR	RR	RR	0.96964747	0.03035253	4.13917E-19
VK	VK349	RR	RR	RR	0.99223302	0.00776698	3.53682E-29
VK	VK315	RR	RR	RR	0.941122984	0.058877016	4.14435E-16
VK	VK294	RR	RR	RR	0.992227933	0.007772067	4.77266E-28
VK	VK266	RR	RR	RR	0.888741287	0.111258713	3.44618E-12
VK	VK268	RR	RR	RR	0.888724224	0.111275776	4.83557E-12
VK	VK273	RR	RR	RR	0.998990661	0.001009339	6.69971E-34
VK	VK275	RR	RR	RR	0.799896296	0.200103679	2.51578E-08
VK	VK281	RR	RR	RR	0.998036078	0.001963922	5.18109E-34
VK	VK286	RR	RR	RR	0.992208577	0.007791423	2.96598E-27
VK	VK289	RR	RR	RR	0.888816607	0.111183393	2.3412E-12
VK	VK291	RR	RR	RR	0.984508736	0.015491264	3.93983E-21
VK	VK262	RR	RR	RR	0.984579718	0.015420282	8.47436E-25
VK	VK261	RR	RR	RR	0.999509232	0.000490768	1.21829E-41
VK	VK230	RR	RR	RR	0.999508806	0.000491194	3.35081E-42
VK	VK345	RR	RR	RR	0.98452553	0.01547447	2.35505E-22
VK	VK232	RR	RR	RR	0.666270077	0.333333333	0.000396589
VK	VK24	RR	RR	RR	0.888819662	0.111180338	1.47706E-12
VK	VK240	RR	RR	RR	0.969457188	0.030542812	1.66371E-17
VK	VK241	RR	RR	RR	0.969618264	0.030381736	3.94311E-19
VK	VK242	RR	RR	RR	0.799809286	0.200190431	2.83379E-07
VK	VK244	RR	RR	RR	0.799896296	0.200103679	2.51578E-08
VK	VK25	RR	RR	RR	0.992202024	0.007797976	1.25407E-26
VK	VK254	RR	RR	RR	0.941130309	0.058869691	2.07629E-16
VK	VK256	RR	RR	RR	0.99610266	0.00389734	2.42952E-32
VK	VK258	RR	RR	RR	0.99223404	0.00776596	1.05151E-27
VK	VK245	RR	RR	RR	0.999876545	0.000123455	3.58884E-47
VK	VK326	RD	RD	RD	0.026205437	0.973794563	3.28856E-29
VK	VK237	RR	RR	RR	0.999877565	0.000122435	8.04578E-51
VK	VK221	RR	RR	RR	0.999992295	7.70499E-06	2.26143E-63
VK	VK355	RR	RR	RR	0.998043367	0.001956633	1.57929E-34
VK	VK316	RR	RR	RR	0.999506954	0.000493046	5.89274E-42
VK	VK433	RD	RD	RD	2.36278E-16	1	7.78813E-30
VK	VK493	RD	RD	RD	1.788E-08	0.999999982	9.87715E-24
VK	VK397	RD	RD	RD	7.34886E-22	1	2.46578E-13
VK	VK129	RD	RD	RD	9.2214E-26	1	2.57327E-15
VK	VK141	RD	RD	RD	1.62664E-32	1	1.1922E-12
VK	VK178	DD	DD	DD	4.26349E-08	0.200138825	0.799861133
VK	VK456	RD	RD	RD	3.19212E-18	1	4.48783E-14
VK	VK385	RD	RD	RD	7.34514E-09	0.999999993	1.39913E-14
VK	VK234	RD	RD	RD	4.6029E-15	0.986746075	0.013253925
VK	VK282	RD	RD	RD	0.007284691	0.992715308	4.52199E-10
VK	VK350	RD	RD	RD	4.3304E-25	1	6.4135E-11
VK	VK329	RR	RR	RR	0.781402598	0.218597402	5.31979E-22
VK	VK179	RD	RD	RD	5.92226E-09	0.999999994	1.77008E-21
VK	VK290	RD	RD	RD	1.84036E-09	0.999999998	1.25971E-10
VK	VK364	RD	RD	RD	6.14345E-29	0.999999946	5.35684E-08
VK	VK118	RR	RR	RR	0.999999999	1.06E-09	5.3346E-129
VK	VK486	RD	RD	RD	7.26159E-07	0.999999269	4.94601E-09
VK	VK429	DD	DD	DD	1.19464E-81	9.58024E-07	0.999999042
VK	VK498	RD	RD	RD	4.63424E-05	0.999953658	5.92575E-12
VK	VK15	RD	RD	RD	8.67709E-13	0.999998735	1.26539E-06
VK	VK42	RD	RD	RD	2.55745E-71	1	2.25064E-63
VK	VK143	RD	RD	RD	1.114E-17	0.999999643	3.56801E-07
VK	VK176	RD	RD	RD	3.65642E-19	1	1.85201E-15
VK	VK284	RD	RD	RD	1.31309E-17	0.999999551	4.49031E-07
VK	VK487	RD	RD	RD	8.14092E-29	1	1.60277E-23
VK	VK335	RD	RD	RD	9.76457E-10	0.999999999	5.00687E-16
VK	VK415	RD	RD	RD	4.63371E-10	0.999988268	1.17317E-05
VK	VK409	DD	RR	RR	0.000579206	0.333333333	0.66608746
VK	VK320	RR	RR	RR	0.999755208	0.000244792	3.03653E-47
VK	VK227	RR	RR	RR	0.888122405	0.111877593	1.71106E-09
VK	VK134	RR	RR	RR	0.941020386	0.058979614	5.18011E-15
VK	VK139	RR	RR	RR	0.888680122	0.111319878	4.09526E-11
VK	VK145	RR	RR	RR	0.999022777	0.000977223	4.29132E-41
VK	VK146	RR	RR	RR	0.996104233	0.003895767	8.58926E-33
VK	VK156	RR	RR	RR	0.992212744	0.007787256	1.99197E-26
VK	VK157	RR	RR	RR	0.799896296	0.200103679	2.51578E-08
VK	VK159	RR	RR	RR	0.666270077	0.333333333	0.000396589
VK	VK160	RR	RR	RR	0.996105208	0.003894792	6.81756E-34
VK	VK154	RD	RD	RD	3.01588E-10	1	3.96043E-29
VK	VK219	RR	RR	RR	0.996092608	0.003907392	1.04404E-31
VK	VK220	RD	RD	RD	9.96778E-16	1	2.67554E-10
VK	VK110	RR	RR	RR	0.999938729	6.12706E-05	1.32423E-56
VK	VK207	RR	RR	RR	0.941051991	0.058948009	2.90118E-16
VK	VK203	RR	RR	RR	0.999016346	0.000983654	9.94518E-39
VK	VK205	RR	RR	RR	0.998043781	0.001956219	2.59977E-36
VK	VK201	RR	RR	RR	0.996103946	0.003896054	1.30791E-33
VK	VK165	RR	RR	RR	0.998047187	0.001952813	2.00839E-37
VK	VK128	RR	RR	RR	0.969606477	0.030393523	2.24636E-18
VK	VK122	RR	RR	RR	0.969670915	0.030329085	1.13034E-20
VK	VK202	RR	RR	RR	0.969620618	0.030379382	1.56941E-19
VK	VK257	RD	RD	RD	2.24376E-12	1	4.2102E-23
VK	VK553	RD	RD	RD	6.2238E-10	0.999999999	1.87689E-11
VK	VK401	RD	RD	RD	8.86966E-09	0.999999991	1.97515E-22
VK	VK265	RR	RR	RR	0.984561346	0.015438654	1.26013E-23
VK	VK295	RR	RR	RR	0.941064634	0.058935366	2.06182E-15
VK	VK327	RR	RR	RR	0.999751658	0.000248342	5.48917E-43
VK	VK306	RR	RR	RR	0.888317515	0.111682485	3.49083E-11
VK	VK372	RR	RR	RR	0.999502104	0.000497896	1.53874E-40
VK	VK373	RR	RR	RR	0.969642034	0.030357966	1.46291E-19
VK	VK380	RR	RR	RR	0.666270077	0.333333333	0.000396589
VK	VK384	RR	RR	RR	0.940377343	0.059622657	1.98174E-15
VK	VK386	RR	RR	RR	0.969556267	0.030443733	3.45869E-20
VK	VK1	RR	RR	RR	0.999999999	9.39507E-10	6.0442E-121
VK	VK443	RR	RR	RR	0.992216074	0.007783926	1.30378E-28
VK	VK444	RR	RR	RR	0.996069488	0.003930512	1.16348E-29
VK	VK445	RD	RD	RD	4.73943E-11	1	1.12283E-14
VK	VK446	RD	RD	RD	0.001686608	0.998313392	2.80285E-15
VK	VK370	RR	RR	RR	0.996074218	0.003925782	4.26062E-30
VK	VK371	RR	RR	RR	0.941069887	0.058930113	2.95628E-15
VK	VK422	RR	RR	RR	0.941074629	0.058925371	1.04868E-14
VK	VK442	RR	RR	RR	0.999016097	0.000983903	4.50394E-40
VK	VK459	RR	RR	RR	0.666270077	0.333333333	0.000396589
VK	VK46	RR	RR	RR	0.999998074	1.926E-06	5.62489E-72
VK	VK460	RR	RR	RR	0.969643751	0.030356249	3.59276E-19
VK	VK461	RR	RR	RR	0.666270077	0.333333333	0.000396589
VK	VK468	RR	RR	RR	0.999938817	6.11834E-05	9.47603E-57
VK	VK431	RR	RR	RR	0.66527633	0.333333333	0.001390337
VK	VK425	RR	RR	RR	0.666191664	0.333333333	0.000475003
VK	VK44	RR	RR	RR	0.888688513	0.111311487	1.14908E-11
VK	VK448	RR	RR	RR	0.999938724	6.12757E-05	1.16921E-55
VK	VK369	RR	RR	RR	0.999017601	0.000982399	2.03914E-39
VK	VK454	RR	RR	RR	0.888606056	0.111393944	6.84379E-12
VK	VK58	RR	RR	RR	0.99999994	6.02561E-08	2.30585E-91
VK	VK473	RR	RR	RR	0.984586524	0.015413476	6.23428E-24
VK	VK524	RR	RR	RR	0.998045364	0.001954636	1.45464E-35
VK	VK526	RR	RR	RR	0.99987422	0.00012578	3.67874E-49
VK	VK527	RR	RR	RR	0.992170885	0.007829115	3.73014E-26
VK	VK528	RR	RR	RR	0.999754997	0.000245003	2.38161E-47
VK	VK529	RR	RR	RR	0.996098818	0.003901182	1.70302E-31
VK	VK530	RR	RR	RR	0.99804808	0.00195192	1.27115E-37
VK	VK531	RR	RR	RR	0.996084825	0.003915175	8.86256E-31
VK	VK532	RR	RR	RR	0.999999985	1.52575E-08	3.3626E-100
VK	VK533	RR	RR	RR	1	4.70862E-10	2.9375E-120
VK	VK534	RR	RR	RR	0.996067986	0.003932014	2.53603E-27
VK	VK521	RR	RR	RR	1	1.50733E-11	4.87E-139
VK	VK535	RR	RR	RR	0.999019211	0.000980789	1.71204E-36
VK	VK506	RR	RR	RR	0.999021359	0.000978641	7.5503E-41
VK	VK474	RR	RR	RR	0.998030574	0.001969426	4.12812E-34
VK	VK475	RR	RR	RR	0.999999996	3.83923E-09	9.1123E-103
VK	VK477	RR	RR	RR	0.984602363	0.015397637	2.41373E-25
VK	VK357	RD	RD	RR	2.49976E-15	0.999999991	9.38421E-09
VK	VK479	RR	RR	RR	0.998044025	0.001955975	1.33759E-34
VK	VK480	RR	RR	RR	0.969540258	0.030459742	3.89626E-19
VK	VK481	RR	RR	RR	0.999510354	0.000489646	5.58604E-44
VK	VK482	RR	RR	RR	0.940662111	0.059337889	1.3426E-14
VK	VK483	RR	RR	RR	0.999968868	3.11318E-05	1.28752E-53
VK	VK488	RR	RR	RR	0.984569465	0.015430535	1.06013E-22
VK	VK505	RR	RR	RR	0.888766068	0.111233932	1.66386E-11
VK	VK489	RR	RR	RR	0.996099677	0.003900323	1.07382E-31
VK	VK65	RR	RR	RR	0.996077877	0.003922123	2.27488E-31
VK	VK367	RR	RR	RR	0.969673265	0.030326735	4.4989E-21
VK	VK490	RD	RD	RD	4.97491E-15	0.999989151	1.08489E-05
VK	VK365	RR	RR	RR	0.998047778	0.001952222	1.50765E-37
VK	VK478	RR	RR	RR	0.992205601	0.007794399	2.79694E-27
VK	VK332	RR	RR	RR	0.941134737	0.058865263	8.2639E-17
VK	VK333	RR	RR	RR	0.992235178	0.007764822	3.73817E-28
VK	VK334	RR	RR	RR	0.941120626	0.058879374	2.68627E-16
VK	VK336	RR	RR	RR	0.998038743	0.001961257	7.02783E-35
VK	VK337	RR	RR	RR	0.999874174	0.000125826	4.21262E-46
VK	VK338	RR	RR	RR	0.969615765	0.030384235	1.40531E-18
VK	VK34	RR	RR	RR	0.9696589	0.0303411	8.193E-21
VK	VK342	RR	RR	RR	0.999752538	0.000247462	2.99091E-46
VK	VK343	RR	RR	RR	0.999022562	0.000977438	1.90099E-40
VK	VK522	RR	RR	RR	1	9.09671E-16	1.1261E-198
VK	VK346	RD	RD	RD	0.001682202	0.998317798	1.51256E-14
VK	VK330	RD	RD	RD	2.82852E-07	0.999999717	2.14878E-14
VK	VK35	RR	RR	RR	0.969574395	0.030425605	2.17924E-18
VK	VK353	RR	RR	RR	0.992229316	0.007770684	1.41933E-27
VK	VK325	RD	RD	RR	0.000261785	0.987064078	0.012674137
VK	VK324	RR	RR	RR	0.99606495	0.00393505	1.69204E-31
VK	VK322	RR	RR	RR	0.996100488	0.003899512	1.30478E-31
VK	VK296	RR	RR	RR	0.969644943	0.030355057	3.50286E-20
VK	VK297	RR	RR	RR	0.888717779	0.111282221	3.02995E-11
VK	VK298	RR	RR	RR	0.969271716	0.030728284	9.10032E-18
VK	VK300	RR	RR	RR	0.799858036	0.200141929	3.52633E-08
VK	VK301	RR	RR	RR	0.969200195	0.030799805	7.93142E-18
VK	VK303	RR	RR	RR	0.99999988	1.20365E-07	1.35686E-88
VK	VK328	RR	RR	RR	0.888680828	0.111319171	1.82157E-11
VK	VK352	RR	RR	RR	0.992234173	0.007765827	8.08256E-28
VK	VK33	RR	RR	RR	0.992224175	0.007775825	7.30801E-27
VK	VK520	RR	RR	RR	0.996048797	0.003951203	1.70546E-28
VK	VK504	RR	RR	RR	0.940263152	0.059736848	7.83727E-14
VK	VK390	RR	RR	RR	0.999511027	0.000488973	9.03669E-45
VK	VK392	RR	RR	RR	0.799896296	0.200103679	2.51578E-08
VK	VK393	RR	RR	RR	0.996102647	0.003897353	9.19978E-33
VK	VK395	RD	RD	RD	1.78429E-07	0.999999822	6.3219E-14
VK	VK396	RR	RR	RR	0.992229465	0.007770535	1.26189E-27
VK	VK398	RR	RR	RR	0.99222527	0.00777473	1.24077E-26
VK	VK399	RR	RR	RR	0.999014568	0.000985432	3.2695E-40
VK	VK400	RR	RR	RR	0.996104898	0.003895102	1.7129E-33
VK	VK402	RD	RD	RD	1.20574E-09	0.999999999	2.18003E-36
VK	VK403	RR	RR	RR	0.992231301	0.007768699	3.2069E-28
VK	VK404	RD	RD	RD	0.000667623	0.999331215	1.16194E-06
VK	VK405	RR	RR	RR	0.984588271	0.015411729	1.76429E-23
VK	VK406	RR	RR	RR	0.998031815	0.001968185	8.56075E-35
VK	VK414	RR	RR	RR	0.969657315	0.030342685	5.06807E-20
VK	VK417	RR	RR	RR	0.998043194	0.001956806	3.60556E-36
VK	VK418	RD	RD	RD	2.24266E-07	0.999999776	5.31313E-11
VK	VK419	RR	RR	RR	0.984580953	0.015419047	6.69314E-24
VK	VK420	RR	RR	RR	0.996102372	0.003897628	1.251E-32
VK	VK389	RR	RR	RR	0.984572249	0.015427751	1.19511E-22
VK	VK387	RR	RR	RR	0.666270077	0.333333333	0.000396589
VK	VK361	RR	RR	RR	0.941029754	0.058970246	1.05367E-13
VK	VK362	RR	RR	RR	0.969587987	0.030412013	7.05923E-18
VK	VK363	RR	RR	RR	0.999938355	6.16447E-05	8.21725E-52
VK	VK6	RR	RR	RR	0.999022663	0.000977337	8.5653E-41
VK	VK523	RR	RR	RR	0.969137652	0.030862348	5.25208E-16
VK	VK555	RR	RR	RR	0.996094266	0.003905734	1.12595E-31
VK	VK491	RR	RR	RR	0.999021736	0.000978264	5.29728E-40